15 24 40
18040471
300021.795269
Time limit exceeded
-1 1107 1238 1193 1148 947 1020 1065 998 861 900 863 810 757 762 639 722 591 530 565 482 389 432 321 364 277 250 195 234 179 184 133 100 -1 54 -1 40 71 52 33 
1237 1194 1149 1106 1021 1066 999 946 901 864 809 860 763 640 723 758 531 566 483 590 433 322 365 388 -1 252 235 276 249 194 101 178 183 132 69 72 53 34 39 -1 
-1 1239 1108 1147 1192 1019 948 997 1064 899 862 811 756 759 674 761 638 721 592 529 564 481 390 431 320 363 278 251 196 233 180 185 134 99 74 55 70 41 32 51 
-1 1236 1195 1150 1105 1022 1067 1000 945 902 865 808 859 764 641 724 675 532 567 484 589 434 323 366 387 280 253 236 275 248 193 102 177 182 131 68 73 50 35 38 
-1 1323 1240 1109 1146 1191 1018 949 996 1063 898 857 812 755 760 673 720 637 676 593 528 563 480 391 430 319 362 279 246 197 232 181 186 135 98 75 56 37 42 31 
-1 1370 1235 1196 1151 1104 1023 1068 1001 944 903 866 807 858 765 642 725 594 533 568 485 588 435 324 367 386 281 254 237 274 247 192 103 176 77 130 67 44 49 36 
1324 1285 1322 1241 1110 1145 1190 1017 950 995 1062 897 856 813 754 727 672 719 636 677 586 527 562 479 392 429 318 361 272 245 198 231 174 187 136 97 76 57 30 43 
1371 -1 1369 1234 1197 1152 1103 1024 1069 1002 943 904 867 806 729 766 643 726 595 534 569 486 587 436 325 368 385 282 255 238 273 240 191 104 175 78 129 66 45 48 
1286 1325 1284 1321 1242 1111 1144 1189 1016 951 994 1061 896 855 814 753 728 671 718 635 678 585 526 561 478 393 428 317 360 271 244 199 230 173 188 137 96 47 58 29 
-1 1372 1319 1368 1233 1198 1153 1102 1025 1070 1003 942 905 868 805 730 767 644 633 596 535 570 487 476 437 326 369 384 283 256 239 228 241 190 105 128 79 60 65 46 
-1 1287 1326 1283 1320 1243 1112 1143 1188 1015 952 993 1060 895 854 815 752 717 670 679 634 525 584 439 560 477 394 427 316 359 270 243 200 229 172 189 138 95 28 59 
-1 1448 1373 1318 1367 1232 1199 1154 1101 1026 1071 1004 941 906 869 804 731 768 645 632 597 536 571 488 475 438 327 370 383 284 257 202 227 242 139 106 127 80 61 64 
-1 -1 1288 1327 1282 1201 1244 1113 1142 1187 1014 953 992 1059 894 853 816 751 716 669 680 573 524 583 440 559 372 395 426 315 358 269 168 201 108 171 -1 63 94 27 
1449 1414 1447 1374 1317 1366 1231 1200 1155 1100 1027 1072 1005 940 907 870 803 732 769 646 631 598 537 572 489 474 425 328 371 382 285 258 203 226 169 140 107 126 81 62 
-1 -1 -1 1289 1328 1281 1202 1245 1114 1141 1186 1013 954 991 1058 893 852 817 750 715 668 681 574 523 582 441 558 373 396 357 314 205 268 167 142 109 170 83 26 93 
1415 1450 1413 1446 1375 1316 1365 1230 1185 1156 1099 1028 1073 1006 939 908 871 802 733 770 647 630 599 538 1 490 473 424 329 312 381 286 259 204 225 122 141 92 125 82 
-1 -1 1504 1377 1290 1329 1280 1203 1246 1115 1140 1075 1012 955 990 1057 892 851 818 749 714 667 682 575 522 581 442 557 374 397 356 313 206 267 166 143 110 123 84 25 
1505 1416 1451 1412 1445 1376 1315 1364 1229 1184 1157 1098 1029 1074 1007 938 909 872 801 734 771 648 629 600 539 2 491 472 423 330 311 380 287 260 145 224 121 86 91 124 
-1 1453 1444 1503 1378 1291 1330 1279 1204 1247 1116 1139 1076 1011 956 989 1056 891 850 819 748 713 666 683 576 521 580 443 556 375 398 355 266 207 222 165 144 111 24 85 
-1 1506 1417 1452 1411 1332 1363 1314 1249 1228 1183 1158 1097 1030 1055 1008 937 910 873 800 735 772 649 628 601 540 3 492 471 422 331 310 379 288 261 146 223 120 87 90 
1508 1483 1454 1443 1502 1379 1292 1331 1278 1205 1248 1117 1138 1077 1010 957 988 875 890 849 820 747 712 665 684 577 520 579 444 555 376 399 354 265 208 221 164 89 112 23 
-1 -1 1507 1418 1381 1410 1333 1362 1313 1250 1227 1182 1159 1096 1031 1054 1009 936 911 874 799 736 773 650 627 602 541 4 493 470 421 332 309 378 289 262 147 114 119 88 
1484 1509 1482 1455 1442 1501 1380 1293 1252 1277 1206 1161 1118 1137 1078 987 958 913 876 889 848 821 746 711 664 685 578 519 554 445 -1 377 400 353 264 209 220 163 22 113 
-1 -1 -1 1500 1419 1382 1409 1334 1361 1312 1251 1226 1181 1160 1095 1032 1053 878 935 912 823 798 737 774 651 626 603 542 5 494 469 420 333 308 211 290 263 148 115 118 
-1 1485 1510 1481 1456 1441 1336 1359 1294 1253 1276 1207 1162 1119 1136 1079 986 959 914 877 888 847 822 745 710 663 686 553 518 543 446 -1 352 401 292 219 210 117 162 21 
1487 1512 1499 1458 1439 1420 1383 1408 1335 1360 1311 1164 1225 1180 1081 1094 1033 1052 879 934 845 824 797 738 775 652 625 604 447 6 495 468 419 334 307 212 291 214 149 116 
-1 -1 1486 1511 1480 1457 1440 1337 1358 1295 1254 1275 1208 1163 1120 1135 1080 985 960 915 826 887 846 777 744 709 662 687 552 517 544 417 -1 351 402 293 218 151 20 161 
-1 1488 1513 1498 1459 1438 1421 1384 1407 1310 1273 1210 1165 1224 1179 1082 1093 1034 1051 880 933 844 825 796 739 776 653 624 605 448 7 496 467 418 335 306 213 160 215 150 
-1 1515 1496 1461 1436 1479 1386 1405 1338 1357 1296 1255 1274 1209 1134 1121 1036 1049 984 961 916 827 886 741 778 743 708 661 688 551 516 545 416 -1 350 403 294 217 152 19 
-1 -1 1489 1514 1497 1460 1437 1422 1385 1406 1309 1272 1211 1166 1223 1178 1083 1092 1035 1050 881 932 843 780 795 740 689 654 623 606 449 8 497 466 405 336 305 154 159 216 
-1 -1 1516 1495 1462 1435 1478 1387 1404 1339 1356 1297 1256 1221 1176 1133 1122 1037 1048 983 962 917 828 885 742 779 660 707 608 515 550 499 546 415 338 349 404 295 18 153 
-1 1518 1541 1490 1477 1492 1389 1402 1423 1354 1299 1308 1271 1212 1167 1222 1177 1084 1091 964 919 882 931 842 781 794 705 690 655 622 607 450 9 498 465 406 337 304 155 158 
1540 1531 1538 1517 1494 1463 1434 1425 1388 1403 1340 1355 1298 1257 1220 1175 1132 1123 1038 1047 982 963 918 829 884 703 692 659 706 609 514 549 500 547 414 339 348 157 296 17 
1537 1542 1519 1530 1491 1476 1493 1390 1401 1424 1353 1300 1307 1270 1213 1168 1125 1040 1085 1090 965 920 883 930 841 782 793 704 691 656 621 502 451 10 341 464 407 298 303 156 
1532 1539 1528 1553 1474 1433 1464 1399 1426 1351 1306 1341 1268 1219 1258 1131 1174 1087 1124 1039 1046 981 928 839 830 791 702 693 658 695 610 513 548 501 462 413 340 347 16 297 
1551 1536 1543 1520 1529 1466 1475 1428 1391 1400 1343 1352 1301 1260 1269 1214 1169 1126 1041 1086 1089 966 921 832 929 840 783 792 697 612 657 620 503 452 11 342 463 408 299 302 
1544 1533 1552 1527 -1 1473 1432 1465 1398 1427 1350 1305 1342 1267 1218 1259 1130 1173 1088 1045 980 975 970 927 838 831 790 701 694 619 696 611 512 507 456 461 412 301 346 15 
-1 1550 1535 1546 1521 1524 1467 1470 1429 1392 1395 1344 1347 1302 1261 1264 1215 1170 1127 1042 977 972 967 922 833 924 835 784 787 698 613 616 509 504 453 12 343 458 409 300 
1534 1545 1548 1523 1526 1469 1472 1431 1394 1397 1346 1349 1304 1263 1266 1217 1172 1129 1044 979 974 969 976 971 926 837 786 789 700 615 618 511 506 455 508 457 460 411 14 345 
1549 -1 -1 -1 1547 1522 1525 1468 1471 1430 1393 1396 1345 1348 1303 1262 1265 1216 1171 1128 1043 978 973 968 923 834 925 836 785 788 699 614 617 510 505 454 13 344 459 410 

