0 0 40
17587693
300025.330381
Time limit exceeded
1 1196 1313 1146 1099 1008 1051 980 955 908 809 854 765 718 627 672 575 624 -1 532 501 408 455 374 331 406 293 206 175 256 181 152 173 132 97 84 79 58 49 -1 
-1 1147 1100 1195 1312 981 956 1007 1050 855 852 907 808 673 764 717 626 671 574 623 456 533 500 407 294 373 330 257 182 205 174 133 98 151 86 81 50 83 78 57 
-1 2 1197 1314 1145 1098 1009 1052 979 954 909 810 853 766 719 628 669 576 625 534 531 502 409 454 375 332 405 292 207 176 255 180 153 172 131 96 85 80 59 48 
-1 1329 1148 1101 1194 1311 982 957 1006 1049 856 851 906 807 674 763 716 619 670 573 622 457 452 499 404 295 372 329 258 183 204 155 134 99 150 87 82 51 56 77 
-1 1270 3 1198 1315 1144 1097 1010 1053 978 953 910 811 762 767 720 629 668 577 620 535 530 503 410 453 376 333 260 291 208 177 254 179 154 171 130 95 76 47 60 
1330 1239 1328 1149 1102 1193 1310 983 958 1005 1048 857 850 905 806 675 666 715 618 537 572 621 458 451 498 403 296 371 328 259 184 203 156 135 100 149 88 61 52 55 
1271 1326 1269 4 1199 1316 1143 1096 1011 1054 977 952 911 812 761 768 721 630 667 578 529 536 497 504 411 370 377 334 261 290 209 178 253 170 147 94 129 54 75 46 
1240 1331 1238 1327 1150 1103 1192 1309 984 959 1004 1047 858 849 904 805 676 665 714 617 538 571 506 459 450 379 402 297 288 327 252 185 202 157 136 101 148 89 62 53 
-1 1272 1325 1268 5 1200 1317 1142 1095 1012 1055 976 951 912 813 760 769 722 631 540 579 528 461 496 505 412 369 378 335 262 289 210 169 146 103 128 93 64 45 74 
-1 1241 1332 1237 1318 1151 1104 1191 1308 985 960 1003 1046 859 848 903 804 677 664 713 616 539 570 507 460 449 380 401 298 287 326 251 186 201 158 137 102 73 90 63 
-1 1434 1273 1324 1267 6 1201 1306 1141 1094 1013 1056 975 950 913 814 759 770 723 632 541 580 527 462 495 400 413 368 325 336 263 200 211 168 145 104 127 92 65 44 
-1 1397 1242 1333 1236 1319 1152 1105 1190 1307 986 961 1002 1045 860 847 902 803 678 663 712 615 464 569 508 415 448 381 338 299 286 301 250 187 106 159 138 67 72 91 
1435 1364 1433 1274 1323 1266 7 1202 1305 1140 1093 1014 1057 974 949 914 815 758 771 724 633 542 581 526 463 494 399 414 367 324 337 264 199 212 167 144 105 126 43 66 
1398 1449 1396 1243 1334 1235 1320 1153 1106 1189 1058 987 962 1001 1044 861 846 901 802 679 662 711 614 465 568 509 416 447 382 339 300 285 302 249 188 107 160 139 68 71 
1365 1436 1363 1432 1275 1322 1265 8 1203 1304 1139 1092 1015 1042 973 948 915 816 757 772 725 634 543 582 525 418 493 398 341 366 323 304 265 198 213 166 143 70 125 42 
1450 1399 1448 1395 1244 1335 1234 1321 1154 1107 1188 1059 988 963 1000 1043 862 845 900 801 680 661 710 613 466 567 510 417 446 383 340 267 284 303 248 189 108 161 140 69 
-1 1366 1437 1362 1431 1276 1301 1264 9 1204 1303 1138 1091 1016 1041 972 947 916 817 756 773 726 635 544 583 524 419 492 397 342 365 322 305 266 197 214 165 142 41 124 
-1 1451 1400 1447 1394 1245 1336 1233 1302 1155 1108 1187 1060 989 964 999 918 863 844 899 800 681 660 709 612 467 566 511 344 445 384 307 268 283 216 247 190 109 162 141 
-1 -1 1367 1438 1361 1430 1277 1300 1263 10 1205 -1 1137 1090 1017 1040 971 946 917 818 755 774 727 636 545 584 523 420 491 396 343 364 321 306 245 196 215 164 123 40 
1452 1495 1440 1401 1446 1393 1246 1337 1232 1207 1156 1109 1186 1061 990 965 998 919 864 843 898 799 682 659 708 611 468 565 512 345 444 385 308 269 282 217 246 191 110 163 
-1 1472 -1 1368 1439 1360 1429 1278 1299 1262 11 1206 -1 1136 1089 1018 1039 970 945 896 819 754 775 728 637 546 585 522 421 490 395 310 363 320 219 244 195 112 39 122 
1496 1453 1494 1441 1402 1445 1392 1247 1338 1231 1208 1157 1110 1185 1062 991 966 997 920 865 842 897 798 683 658 707 610 469 564 513 346 443 386 309 270 281 218 121 192 111 
1473 1492 1471 1404 1369 1428 1359 1340 1279 1298 1261 12 1183 -1 1135 1088 1019 1038 969 944 895 820 753 776 729 638 547 586 521 422 489 394 311 362 319 220 243 194 113 38 
-1 1497 1454 1493 1442 1403 1444 1391 1248 1339 1230 1209 1158 1111 1184 1063 992 967 996 921 866 841 778 797 684 657 706 609 470 563 514 347 442 387 222 271 280 115 120 193 
-1 1474 1491 1470 1405 1370 1427 1358 1341 1280 1297 1260 13 1182 -1 1134 1087 1020 1037 968 943 894 821 752 777 730 639 548 587 520 423 488 393 312 361 318 221 242 37 114 
1476 1529 1498 1455 1372 1443 1390 1343 1282 1249 1258 1229 1210 1159 1112 1085 1064 993 942 995 922 867 840 779 796 685 656 705 608 471 562 515 348 441 388 223 272 279 116 119 
-1 1512 1475 1490 1469 1406 1371 1426 1357 1342 1281 1296 1259 14 1181 -1 1133 1086 1021 1036 869 838 893 822 751 704 731 640 549 588 519 424 487 392 313 360 317 118 241 36 
1530 1477 1528 1499 1456 1373 1424 1389 1344 1283 1250 1257 1228 1211 1160 1113 1084 1065 994 941 892 923 868 839 780 795 686 655 688 607 472 561 516 349 440 389 224 273 278 117 
1513 -1 1511 1468 1489 1422 1407 1356 1425 1252 1295 1226 1213 1162 15 1180 1067 1132 1035 1022 925 870 837 872 823 750 703 732 641 550 589 518 425 486 391 314 359 316 35 240 
1542 1531 1478 1527 1500 1457 1374 1423 1388 1345 1284 1251 1256 1227 1212 1161 1114 1083 1066 927 940 891 924 825 794 781 734 687 654 689 606 473 560 517 350 439 390 225 274 277 
-1 1514 1541 1510 1467 1488 1421 1408 1355 1410 1253 1294 1225 1214 1163 16 1179 1068 1131 1034 1023 926 871 836 873 824 749 702 733 642 551 590 485 426 437 358 315 276 239 34 
-1 1543 1532 1479 1526 1501 1458 1375 1412 1387 1346 1285 1216 1255 1178 1129 1070 1115 1082 1025 928 939 890 875 826 793 782 735 644 653 690 605 474 559 476 351 438 353 226 275 
-1 -1 1515 1540 1509 1466 1487 1420 1409 1354 1411 1254 1293 1224 1215 1164 17 1130 1069 -1 1033 1024 877 828 835 874 737 748 701 692 643 552 591 484 427 436 357 228 33 238 
1544 -1 -1 1533 1480 1525 1502 1459 1376 1413 1386 1347 1286 1217 1166 1177 1128 1071 1116 1081 1026 929 938 889 876 827 792 783 736 645 652 691 604 475 558 477 352 237 354 227 
1551 1548 1539 1516 1523 1508 1465 1486 1419 1384 1353 1292 1223 1168 1175 1126 1165 18 1079 1032 931 936 887 878 829 834 785 738 747 700 693 602 553 592 483 428 435 356 229 32 
-1 1545 1552 1549 1534 1481 1524 1503 1460 1377 1414 1385 1348 1287 1218 1167 1176 1127 1072 1117 1080 1027 930 937 888 787 740 791 784 695 646 651 594 603 430 557 478 231 236 355 
1547 1550 -1 1538 1517 1522 1507 1464 1485 1418 1383 1352 1291 1222 1169 1174 1125 1118 19 1078 1031 932 935 886 879 830 833 786 739 746 699 694 601 554 593 482 429 434 31 230 
1564 1553 1546 1557 1560 1535 1482 1519 1504 1461 1378 1415 1380 1349 1288 1219 1120 1171 1122 1073 934 1075 1028 881 832 883 788 741 790 743 696 647 650 595 598 431 556 479 232 235 
-1 1558 1555 1562 1537 1518 1521 1506 1463 1484 1417 1382 1351 1290 1221 1170 1173 1124 1119 20 1077 1030 933 22 885 880 831 24 745 698 649 26 597 600 555 28 481 234 433 30 
1554 1563 -1 1559 1556 1561 1536 1483 1520 1505 1462 1379 1416 1381 1350 1289 1220 1121 1172 1123 1074 21 1076 1029 882 23 884 789 742 25 744 697 648 27 596 599 432 29 480 233 

