9 36 40
17411829
300064.87056999997
Time limit exceeded
-1 1201 1250 1149 1044 1095 -1 1039 938 995 884 775 826 -1 684 -1 582 737 530 635 434 483 390 373 -1 345 388 307 196 257 228 167 194 -1 80 -1 66 97 78 59 
1251 1302 1353 1200 1097 1148 1043 1094 885 1038 937 994 883 774 825 738 685 636 581 484 529 -1 435 346 389 372 309 258 255 306 195 -1 227 166 95 98 79 60 65 -1 
1354 1351 1202 1249 1150 1045 1096 -1 1040 939 996 881 776 827 686 683 736 583 634 531 436 433 482 391 374 387 344 305 308 197 256 229 168 193 100 81 96 67 58 77 
1303 1252 1301 1352 1199 1098 1147 1042 1093 886 1037 936 993 882 773 824 739 632 637 580 485 528 393 386 347 342 371 310 259 254 231 170 191 226 165 94 99 76 61 64 
-1 1355 1350 1203 1248 1151 1046 1091 1036 1041 940 997 880 777 828 687 682 735 584 633 532 437 432 481 392 375 312 343 304 233 198 225 230 169 192 101 82 63 68 57 
-1 1304 1253 1300 1255 1198 1099 1146 989 1092 887 992 935 830 823 772 733 740 631 638 579 486 527 394 385 348 341 370 311 260 253 232 171 190 103 164 93 70 75 62 
-1 -1 1356 1349 1204 1247 1152 1047 1090 1035 990 941 998 879 778 829 688 681 734 585 488 533 438 431 480 369 376 313 262 303 234 199 224 105 162 173 102 83 56 69 
-1 1358 1305 1254 1299 1256 1197 1100 1145 988 999 888 991 934 831 822 771 732 741 630 639 578 487 526 395 384 349 340 301 236 261 252 189 172 175 104 163 92 71 74 
-1 -1 1348 1357 1258 1205 1246 1153 1048 1089 1034 933 942 833 878 779 742 689 680 641 586 489 534 439 430 479 368 377 314 263 302 235 200 223 106 161 174 73 84 55 
-1 1390 1359 1306 1207 1298 1257 1196 1101 1144 987 1000 889 876 781 832 821 770 731 588 629 640 577 478 525 396 383 350 339 300 237 202 251 188 159 176 1 86 91 72 
-1 1361 -1 1347 1296 1259 1206 1245 1154 1049 1088 1033 932 943 834 877 780 743 690 679 642 587 490 535 440 429 352 367 378 315 264 249 222 201 178 107 160 109 54 85 
1391 -1 1389 1360 1307 1208 1297 1156 1195 1102 1143 986 1001 890 875 782 745 820 769 730 589 628 537 576 477 524 397 382 351 338 299 238 203 250 187 158 177 2 87 90 
-1 -1 1362 1309 1346 1295 1260 1193 1244 1155 1050 1087 1032 931 944 835 818 767 744 691 678 643 574 491 536 441 428 353 366 379 316 265 248 221 156 179 108 89 110 53 
-1 1392 1311 1388 1293 1308 1209 1242 1157 1194 1103 1142 985 1002 891 874 783 746 819 768 729 590 627 538 575 476 523 398 381 318 337 298 239 204 181 186 157 112 3 88 
1394 -1 1386 1363 1310 1345 1294 1261 1192 1243 1086 1051 1004 1031 930 945 836 817 766 727 692 677 644 573 492 521 442 427 354 365 380 317 266 247 220 155 180 5 52 111 
-1 1424 1393 1312 1387 1292 1263 1210 1241 1158 1141 1104 1029 984 1003 892 873 784 747 694 675 728 591 626 539 444 475 522 399 336 319 268 297 240 205 182 185 50 113 4 
-1 1395 1426 1385 1364 1265 1344 1239 1262 1191 1106 1085 1052 1005 1030 929 946 837 816 765 726 693 676 645 572 493 520 443 426 355 364 295 246 267 184 219 154 115 6 51 
1425 -1 1423 1366 1313 1342 1291 1264 1211 1240 1159 1140 1105 1028 983 948 893 872 785 748 695 674 647 592 625 540 445 474 363 400 335 320 269 296 241 206 183 8 49 114 
-1 1459 1396 1427 1384 1365 1266 1343 1238 1161 1190 1107 1084 1053 1006 895 928 947 838 815 764 725 594 623 646 571 494 519 402 425 356 271 294 245 208 153 218 47 116 7 
-1 1398 1429 1422 1367 1314 1341 1290 1163 1212 1109 1160 1139 1008 1027 982 949 894 871 786 749 696 673 648 593 624 541 446 473 362 401 334 321 270 217 242 207 118 9 48 
1460 -1 1458 1397 1428 1383 1288 1267 1214 1237 1162 1189 1108 1083 1054 1007 896 927 898 839 814 763 724 595 622 543 570 495 518 403 424 357 272 293 244 209 152 11 46 117 
-1 1498 1399 1430 1421 1368 1315 1340 1289 1164 1213 1110 1081 1138 1009 1026 981 950 841 870 787 750 697 672 649 568 497 542 447 472 361 274 333 322 211 216 243 44 119 10 
-1 1461 1432 1457 1382 1317 1338 1287 1268 1215 1236 1137 1188 1011 1082 1055 952 897 926 899 840 813 762 723 596 621 544 569 496 517 404 423 358 273 292 151 210 121 12 45 
1499 1480 1497 1400 1431 1420 1369 1316 1339 1234 1165 1186 1111 1080 1057 1010 1025 980 951 842 869 788 751 698 671 650 567 498 515 448 471 360 275 332 323 212 215 14 43 120 
-1 1511 1462 1433 1456 1381 1318 1337 1286 1269 1216 1235 1136 1187 1012 1023 1056 953 844 925 900 761 812 669 722 597 620 545 450 469 516 405 422 359 214 291 150 41 122 13 
1481 1500 1479 1496 1401 1320 1419 1370 1271 1218 1233 1166 1185 1112 1079 1058 955 1024 979 902 843 868 789 752 699 670 651 566 499 514 449 470 331 276 289 324 213 124 15 42 
1512 1533 1510 1463 1434 1455 1380 1319 1336 1285 1270 1217 1114 1135 1060 1013 1022 977 954 845 924 901 760 811 668 721 598 619 546 451 468 453 406 421 326 149 290 17 40 123 
1535 1482 1501 1478 1495 1402 1321 1418 1371 1272 1219 1232 1167 1184 1113 1078 1059 956 923 978 903 810 867 790 753 700 617 652 565 500 513 408 419 330 277 288 325 38 125 16 
1532 1513 1534 1509 1464 1435 1454 1379 1274 1335 1284 1169 1182 1115 1134 1061 1014 1021 976 905 846 865 792 759 702 667 720 599 618 547 452 467 454 407 420 327 148 127 18 39 
-1 1536 1483 1502 1477 1494 1403 1322 1417 1372 1273 1220 1231 1168 1183 1016 1077 974 957 922 863 904 809 866 791 754 701 616 653 564 501 512 409 418 329 278 287 20 37 126 
-1 1531 1514 1493 1508 1465 1436 1453 1378 1275 1334 1283 1170 1181 1116 1133 1062 1015 1020 975 906 847 864 793 758 703 666 719 600 511 548 411 466 455 280 147 328 35 128 19 
1537 1516 1529 1484 1503 1476 1451 1404 1323 1416 1373 1172 1221 1230 1131 1064 1017 1076 973 958 921 862 795 808 849 718 755 602 615 654 563 502 457 410 417 286 279 130 21 36 
1530 -1 1538 1515 1492 1507 1466 1437 1452 1377 1276 1333 1282 1171 1180 1117 1132 1063 960 1019 860 907 848 851 794 757 704 665 656 601 510 549 412 465 456 281 146 23 34 129 
-1 1542 1517 1528 1485 1504 1475 1450 1405 1324 1415 1374 1173 1222 1229 1130 1065 1018 1075 972 959 920 861 796 807 850 717 756 603 614 655 562 503 458 283 416 285 32 131 22 
-1 1539 1526 1541 1506 1491 1448 1467 1438 1413 1376 1277 1332 1281 1128 1179 1118 1073 970 961 918 859 908 805 852 715 664 705 612 657 560 509 550 413 464 145 282 133 24 33 
1543 -1 1551 1518 1527 1486 1505 1474 1449 1406 1325 1414 1375 1174 1223 1228 1129 1066 963 1074 971 910 919 854 797 806 707 716 659 604 613 552 561 504 459 284 415 26 31 132 
1550 -1 1540 1525 1552 1473 1490 1447 1468 1439 1412 1331 1278 1227 1280 1127 1178 1119 1072 969 962 917 858 909 804 853 714 663 706 611 658 559 508 551 414 463 144 139 134 25 
-1 1544 1549 1546 1519 1522 1487 1470 1441 1444 1407 1326 1409 1328 1175 1224 1121 1124 1067 964 1069 966 911 914 855 798 801 708 711 660 605 608 553 556 505 460 141 136 27 30 
-1 1547 -1 1521 1524 1489 1472 1443 1446 1469 1440 1411 1330 1279 1226 1123 1126 1177 1120 1071 968 913 916 857 800 803 710 713 662 607 610 555 558 507 462 143 138 29 140 135 
-1 -1 1545 1548 -1 1520 1523 1488 1471 1442 1445 1408 1327 1410 1329 1176 1225 1122 1125 1068 965 1070 967 912 915 856 799 802 709 712 661 606 609 554 557 506 461 142 137 28 

