28 7 40
17870503
300023.075914
Time limit exceeded
1232 1285 1094 1185 -1 1139 1068 1025 976 929 876 923 850 751 874 797 646 565 700 597 512 563 460 409 356 311 264 227 166 209 112 97 -1 133 64 95 54 39 62 -1 
-1 1186 1231 1140 1093 1026 977 1138 1069 924 921 928 875 798 849 750 701 598 645 564 561 410 511 312 459 266 355 210 263 226 165 134 111 96 93 132 63 60 53 38 
1286 1233 1284 1095 1184 1137 1070 1067 1024 975 930 877 922 851 752 873 796 647 566 699 596 513 562 461 408 357 310 265 228 167 208 113 98 131 100 65 94 55 40 61 
-1 1282 1187 1230 1141 1092 1027 978 973 932 925 920 927 872 799 848 749 702 599 644 515 560 411 510 313 458 267 354 211 262 225 164 135 110 67 92 59 42 37 52 
-1 1287 1234 1283 1096 1183 1136 1071 1066 1023 974 931 878 801 852 753 704 795 648 567 698 595 514 457 462 407 358 309 260 229 168 207 114 99 130 101 66 51 56 41 
-1 -1 1281 1188 1229 1142 1091 1028 979 972 933 926 919 854 871 800 847 748 703 600 643 516 559 412 509 314 353 268 231 212 261 224 163 136 109 68 91 58 43 36 
-1 1369 1288 1235 1144 1097 1182 1135 1072 1065 1022 917 856 879 802 853 754 705 794 649 568 697 594 507 456 463 406 359 308 259 230 169 206 115 70 129 102 45 50 57 
-1 1428 1237 1280 1189 1228 1143 1090 1029 980 971 934 881 918 855 870 793 846 747 696 601 642 517 558 413 508 315 352 269 232 213 204 223 162 137 108 69 90 35 44 
1370 1327 1368 1289 1236 1145 1098 1181 1134 1073 1064 1021 916 857 880 803 844 755 706 603 650 569 556 593 506 455 464 405 360 307 258 221 170 205 116 71 128 103 46 49 
1429 1390 1427 1238 1279 1190 1227 1132 1089 1030 981 970 935 882 869 792 757 708 845 746 695 602 641 518 557 414 361 316 351 270 233 214 203 222 161 138 107 48 89 34 
1328 1371 1326 1367 1290 1225 1146 1099 1180 1133 1074 1063 1020 915 858 843 804 745 756 707 604 651 570 555 592 505 454 465 404 235 306 257 220 171 140 117 72 127 104 47 
1391 1430 1389 1426 1239 1278 1191 1226 1131 1088 1031 982 969 936 883 868 791 758 709 694 653 656 591 640 519 466 415 362 317 350 271 234 215 202 217 160 139 106 33 88 
-1 1329 1372 1325 1366 1291 1224 1147 1100 1179 1062 1075 938 1019 914 859 842 805 744 655 658 605 652 571 554 417 504 453 348 403 236 305 256 219 172 141 118 73 126 105 
-1 1392 1431 1388 1425 1240 1277 1192 1177 1130 1087 1032 983 968 937 884 867 790 759 710 693 654 657 590 639 520 467 416 363 318 349 272 201 216 143 218 159 124 87 32 
1394 1433 1330 1373 1324 1365 1292 1223 1148 1101 1178 1061 1076 939 1018 913 860 841 806 743 634 659 606 637 572 553 418 503 452 347 402 237 304 255 158 173 142 119 74 125 
-1 1460 1393 1432 1387 1424 1241 1276 1193 1176 1129 1086 1033 984 967 866 885 808 789 760 711 692 635 574 589 638 521 468 401 364 319 302 273 200 175 144 123 76 31 86 
1434 1395 1422 1331 1374 1323 1364 1293 1222 1149 1102 1035 1060 1077 940 1017 912 861 840 807 742 633 660 607 636 573 552 419 502 451 346 275 238 303 254 157 174 85 120 75 
1461 1476 1459 1386 1423 1362 -1 1242 1275 1194 1175 1128 1085 1034 985 966 865 886 809 788 761 712 691 588 575 550 577 522 469 400 365 320 301 274 199 176 145 122 77 30 
-1 1435 1396 1421 1332 1375 1322 1363 1294 1221 1150 1103 1036 1059 1078 941 1016 911 862 839 714 741 632 661 608 579 524 551 420 501 450 345 276 239 178 253 156 79 84 121 
1477 1462 1475 1458 1385 1320 1361 1296 1243 1274 1195 1174 1127 1084 943 986 965 864 887 810 787 762 713 690 587 576 549 578 523 470 399 366 321 300 251 198 177 146 29 78 
-1 1489 1436 1397 1420 1333 1376 1321 1272 1295 1220 1151 1104 1037 1058 1079 942 1015 910 863 838 715 740 631 662 609 580 525 472 421 500 449 344 277 240 179 252 155 80 83 
-1 1478 1463 1474 1457 1384 1319 1360 1297 1244 1273 1196 1173 1126 1083 944 987 964 837 888 811 786 763 664 689 586 527 548 499 448 471 398 367 322 299 250 197 82 147 28 
1490 1465 1488 1437 1398 1419 1334 1377 1246 1271 1198 1219 1152 1105 1038 1057 1080 909 1014 813 784 765 716 739 630 663 610 581 526 473 422 369 324 343 278 241 180 149 154 81 
-1 1528 1479 1464 1473 1456 1383 1318 1359 1298 1245 1154 1197 1172 1125 1082 945 988 963 836 889 812 785 764 665 688 585 528 547 498 447 326 397 368 323 298 249 196 27 148 
-1 1491 1466 1487 1438 1399 1418 1335 1378 1247 1270 1199 1218 1153 1106 1039 1056 1081 908 1013 814 783 766 717 738 629 530 611 582 445 474 423 370 325 342 279 242 181 150 153 
1529 1506 1527 1480 1401 1472 1455 1382 1317 1358 1299 1216 1155 1108 1171 1124 1011 946 989 962 835 890 719 736 687 666 613 584 529 546 497 446 327 396 281 248 297 152 195 26 
1492 -1 1482 1467 1486 1439 1400 1417 1336 1379 1248 1269 1200 1217 1122 1107 1040 1055 1012 907 -1 815 782 767 718 737 628 531 612 583 444 475 424 371 296 341 280 243 182 151 
1507 1530 1505 1526 1481 1402 1471 1454 1381 1316 1357 1300 1215 1156 1109 1170 1123 1010 947 990 961 834 891 720 735 686 667 614 545 496 477 426 373 328 395 282 247 184 25 194 
-1 1493 1552 1483 1468 1485 1440 1 1416 1337 1380 1249 1268 1201 1168 1121 1054 1041 992 959 906 893 816 781 768 669 616 627 532 479 428 443 476 425 372 295 340 193 244 183 
-1 1508 1531 1504 1525 1442 1403 1470 1453 1356 1315 1266 1301 1214 1157 1110 1169 994 1009 948 991 960 833 892 721 734 685 668 615 544 495 478 427 374 329 394 283 246 185 24 
-1 1551 1494 1553 1484 1469 1452 1441 2 1415 1338 1303 1250 1267 1202 1167 1120 1053 1042 993 958 905 894 817 780 769 670 617 626 533 480 429 442 431 392 339 294 187 192 245 
1559 -1 1509 1532 1503 1524 1443 1404 1413 1340 1355 1314 1265 1302 1213 1158 1111 1044 995 1008 949 896 819 832 771 722 733 684 535 482 543 494 433 390 375 330 393 284 23 186 
1550 -1 1558 1495 1554 1451 1412 1353 1342 3 1414 1339 1304 1251 1166 1203 1052 1119 1006 1043 904 957 830 895 818 779 770 671 618 625 534 481 430 441 432 391 338 293 188 191 
1557 1560 1555 1510 1533 1502 1523 1444 1405 1354 1341 -1 1313 1264 1205 1212 1159 1112 1045 996 1007 950 897 820 831 772 723 732 683 536 483 542 493 434 389 376 331 190 285 22 
1564 1549 1562 1535 1496 1521 1450 1411 1352 1343 4 1345 1262 1305 1252 1165 1204 1051 1118 1005 956 903 822 829 778 725 730 681 672 619 624 491 440 387 378 337 380 287 292 189 
1561 1556 1565 -1 1511 1534 1501 1522 1445 1406 1347 1312 1307 1254 1263 1206 1211 1160 1113 1046 997 1000 951 898 821 824 773 724 731 682 537 484 541 492 435 388 377 332 21 286 
1548 1563 1544 -1 1536 1497 1520 1449 1410 1351 1344 5 1346 1261 1306 1253 1164 1117 1050 999 1004 955 902 823 828 777 726 729 680 673 620 623 490 439 386 379 336 381 288 291 
-1 1566 1547 1538 1541 1512 1515 1500 1517 1446 1407 1348 1311 1308 1255 1258 1207 1210 1161 1114 1047 998 1001 952 899 728 825 774 675 622 677 538 485 540 487 436 383 290 333 20 
1568 1545 1540 1543 1514 1537 1498 1519 1448 1409 1350 1309 6 1257 1260 1209 8 1163 1116 1049 10 1003 954 901 12 827 776 727 14 679 674 621 16 489 438 385 18 335 382 289 
-1 -1 1567 1546 1539 1542 1513 1516 1499 1518 1447 1408 1349 1310 7 1256 1259 1208 9 1162 1115 1048 11 1002 953 900 13 826 775 676 15 678 539 486 17 488 437 384 19 334 

