10 30 40
17893337
300022.649662
Time limit exceeded
-1 1224 1193 1148 1097 1068 1017 -1 961 -1 905 -1 775 852 731 794 631 674 581 534 491 442 427 380 345 334 287 226 169 208 115 100 -1 136 67 98 57 42 65 -1 
1226 -1 1098 1223 1192 1147 962 1067 1016 907 776 853 904 795 632 675 730 535 492 443 580 381 346 335 426 289 344 209 286 225 168 137 114 99 96 135 66 63 56 41 
-1 1270 1225 1194 1149 1096 1069 1018 909 960 855 906 -1 774 851 732 793 630 673 582 533 490 441 428 379 342 333 288 227 170 207 116 101 134 103 68 97 58 43 64 
-1 1227 1196 1099 1222 1191 1146 963 1066 1015 908 777 854 903 796 633 676 729 536 493 444 579 382 347 336 425 290 343 210 285 224 167 138 113 70 95 62 45 40 55 
1271 1316 1269 1220 1195 1150 1095 1070 1019 910 959 856 901 -1 773 850 733 792 629 672 583 532 489 440 429 378 341 332 283 228 171 206 117 102 133 104 69 54 59 44 
-1 1361 1228 1197 1100 1221 1190 1145 964 1065 1014 899 778 849 902 797 634 677 728 537 494 445 578 383 348 337 424 291 230 211 284 223 166 139 112 71 94 61 46 39 
1317 1272 1315 1268 1219 1188 1151 1094 1071 1020 911 958 857 900 799 772 801 734 791 628 671 584 531 488 439 430 377 340 331 282 229 172 205 118 73 132 105 48 53 60 
1362 -1 1360 1229 1198 1101 1144 1189 1022 965 1064 1013 898 779 848 803 798 635 678 727 538 495 446 577 384 349 338 423 292 231 212 203 222 165 140 111 72 93 38 47 
-1 1318 1273 1314 1267 1218 1187 1152 1093 1072 1021 912 957 858 805 800 771 802 735 790 627 670 585 530 487 438 431 376 339 330 281 220 173 204 119 74 131 106 49 52 
-1 1363 1312 1359 1230 1199 1102 1143 1074 1023 966 1063 1012 897 780 847 804 737 636 679 726 539 496 447 576 385 350 329 422 293 232 213 202 221 164 141 110 51 92 37 
-1 -1 1319 1274 1313 1266 1217 1186 1153 1092 1073 1010 913 956 859 806 739 770 789 736 669 626 575 586 529 486 437 432 375 234 1 280 219 174 143 120 75 130 107 50 
-1 1417 1364 1311 1358 1231 1200 1103 1142 1075 1024 967 1062 1011 896 781 846 787 738 637 680 725 540 497 448 433 386 351 328 421 294 233 214 201 216 163 142 109 36 91 
-1 -1 1357 1320 1275 1202 1265 1216 1185 1154 1091 1060 1009 914 955 860 807 740 769 788 723 668 625 574 587 528 485 436 419 374 235 2 279 218 175 144 121 76 129 108 
1418 1401 1416 1365 1310 1263 1232 1201 1104 1141 1076 1025 968 1061 862 895 782 845 786 721 638 681 724 541 498 449 434 387 352 327 420 295 200 215 146 217 162 127 90 35 
-1 -1 -1 1356 1321 1276 1203 1264 1215 1184 1155 1090 1059 1008 915 954 861 808 741 768 683 722 667 624 573 588 527 484 435 418 373 236 3 278 161 176 145 122 77 128 
1402 1419 1400 1415 1366 1309 1262 1233 1156 1105 1140 1077 1026 969 1028 863 894 783 844 785 720 639 682 571 542 499 450 417 388 353 326 277 296 199 178 147 126 79 34 89 
1421 1452 1479 1368 1355 1322 1277 1204 1183 1214 1079 1058 1089 1030 1007 916 953 842 809 742 767 684 623 666 589 572 483 526 355 372 357 298 237 4 239 160 177 88 123 78 
1480 1403 1420 1399 1414 1367 1308 1261 1234 1157 1106 1139 1078 1027 970 1029 864 893 784 843 686 719 640 591 570 543 500 451 416 389 354 325 276 297 198 179 148 125 80 33 
1453 1422 1451 1478 1369 1354 1323 1278 1205 1182 1213 1080 1057 1088 1031 1006 917 952 841 810 743 766 685 622 665 590 525 482 391 356 371 358 299 238 5 240 159 82 87 124 
-1 1481 1404 1371 1398 1413 1280 1307 1260 1235 1158 1107 1138 1033 1004 971 950 865 892 745 764 687 718 641 592 569 544 501 452 415 390 301 324 275 242 197 180 149 32 81 
-1 1454 1423 1450 1477 1370 1353 1324 1279 1206 1181 1212 1081 1056 1087 1032 1005 918 951 840 811 744 765 664 621 546 503 524 481 392 303 370 359 300 181 6 241 158 83 86 
1482 1507 1476 1405 1372 1397 1412 1281 1306 1259 1236 1159 1108 1137 1034 1003 972 949 866 891 746 763 688 717 642 593 568 545 502 453 414 361 302 323 274 243 196 85 150 31 
-1 1474 1455 1424 1449 1410 1283 1352 1325 1238 1207 1180 1211 1082 1055 1086 947 868 919 748 839 812 715 644 663 620 547 504 523 480 393 304 369 360 245 182 7 152 157 84 
1508 1483 1506 1475 1406 1373 1396 1411 1282 1305 1258 1237 1160 1109 1136 1035 1002 973 948 867 890 747 762 689 716 643 594 567 478 395 454 413 362 247 322 273 244 195 30 151 
-1 -1 1473 1456 1425 1448 1409 1284 1351 1326 1239 1208 1179 1210 1083 1054 1085 946 869 920 749 838 813 714 645 662 619 548 505 522 479 394 305 368 271 246 183 8 153 156 
-1 1509 1484 1505 1446 1407 1374 1395 1328 1241 1304 1257 1132 1161 1110 1135 1036 1001 974 889 836 815 712 761 690 617 550 595 566 477 396 455 412 363 248 321 272 155 194 29 
1511 -1 1531 1472 1457 1426 1447 1408 1285 1350 1327 1240 1209 1178 1133 1084 1053 976 945 870 921 750 837 814 713 646 661 618 549 506 521 410 365 306 367 270 193 184 9 154 
1532 1529 1510 1485 1504 1445 1394 1375 1348 1329 1242 1303 1256 1131 1162 1111 1134 1037 1000 975 888 835 816 711 760 691 616 551 596 565 476 397 456 411 364 249 320 11 28 -1 
1527 1512 1487 1530 1471 1458 1427 1346 1331 1286 1349 1254 1177 1164 1113 1052 1039 998 977 944 871 922 751 758 693 660 647 598 563 520 507 458 409 366 307 192 269 26 185 10 
-1 1533 1528 1503 1486 1429 1444 1393 1376 1347 1330 1243 1302 1255 1130 1163 1112 979 1038 999 924 887 834 817 710 759 692 615 552 597 564 475 398 457 268 319 250 187 12 27 
-1 1526 1513 1488 1515 1470 1459 1428 1345 1332 1287 1334 1253 1176 1165 1114 1051 1040 997 978 943 872 923 752 757 694 659 648 599 562 519 508 459 408 317 308 191 14 25 186 
1534 -1 1490 1517 1502 1461 1430 1443 1392 1377 1336 1301 1244 1167 1116 1129 1042 995 980 941 874 925 886 833 818 709 754 601 614 553 510 461 474 399 310 267 318 251 188 13 
-1 1540 1525 1514 1489 1516 1469 1460 1379 1344 1333 1288 1335 1252 1175 1166 1115 1050 1041 996 927 942 873 820 753 756 695 658 649 600 561 518 509 460 407 316 309 190 15 24 
-1 1535 1546 1491 1518 1501 1462 1431 1442 1391 1378 1337 1300 1245 1168 1117 1128 1043 994 981 940 875 926 885 832 819 708 755 602 613 554 511 462 473 400 311 266 17 252 189 
1539 1544 1541 1524 1499 1468 1433 1440 1389 1380 1343 1298 1289 1174 1251 1126 1049 992 983 938 985 928 883 830 821 706 657 696 611 650 517 560 471 406 313 264 315 254 23 16 
1542 1547 1536 1545 1492 1519 1500 1463 1432 1441 1390 1291 1338 1299 1246 1169 1118 1127 1044 993 982 939 876 823 884 831 698 707 652 603 612 555 512 463 472 401 312 265 18 253 
-1 1538 1543 1548 1523 1498 1467 1434 1439 1388 1381 1342 1297 1290 1173 1250 1125 1048 991 984 937 986 929 882 829 822 705 656 697 610 651 516 559 470 405 314 263 20 255 22 
-1 1557 1554 1537 1550 1493 1520 1495 1464 1383 1436 1385 1292 1339 1294 1247 1170 1119 1122 1045 988 931 934 877 824 879 826 699 702 653 604 607 556 513 464 467 402 257 260 19 
1555 -1 1549 1552 -1 1522 1497 1466 1435 1438 1387 1382 1341 1296 1249 1172 1121 1124 1047 990 933 936 987 930 881 828 701 704 655 606 609 558 515 466 469 404 259 262 21 256 
1558 1553 1556 -1 -1 1551 1494 1521 1496 1465 1384 1437 1386 1293 1340 1295 1248 1171 1120 1123 1046 989 932 935 878 825 880 827 700 703 654 605 608 557 514 465 468 403 258 261 

