0 0 15
225
5.95593452454 millisecond
0 37 2 43 64 39 32 41 78 131 30 111 114 129 28 
3 44 35 38 33 42 77 164 31 112 153 130 29 110 115 
36 1 46 63 76 65 40 79 166 161 132 113 134 27 128 
45 4 51 34 195 80 165 160 163 154 167 152 127 116 109 
50 47 62 75 66 209 194 183 168 151 162 133 118 135 26 
5 52 49 208 81 196 185 198 159 182 155 126 123 108 117 
48 61 74 67 210 205 212 193 184 169 150 119 136 25 124 
53 6 207 82 213 222 197 186 199 158 181 156 125 122 107 
60 73 68 91 206 211 204 217 192 175 170 149 120 137 24 
7 54 83 214 221 216 223 200 187 180 157 176 143 106 121 
72 59 90 69 92 201 220 203 218 191 174 171 148 23 138 
55 8 71 84 215 224 93 190 179 188 177 144 173 142 105 
14 11 58 89 70 87 202 219 96 145 172 147 102 139 22 
9 56 13 16 85 94 97 18 189 178 99 20 141 104 101 
12 15 10 57 88 17 86 95 98 19 146 103 100 21 140 

