2 10 25
17902095
300016.816716
Time limit exceeded
505 -1 415 470 387 448 -1 354 283 294 321 252 183 154 213 98 83 -1 119 50 81 40 25 48 -1 
-1 471 504 447 414 353 386 295 322 325 282 293 214 251 182 153 120 97 82 79 118 49 46 39 24 
-1 506 469 416 449 388 355 324 327 284 1 320 253 184 155 212 99 84 117 86 51 80 41 26 47 
508 -1 472 503 446 413 352 385 296 323 326 281 292 215 250 181 152 121 96 53 78 45 28 23 38 
-1 -1 507 468 417 450 389 356 317 328 285 2 319 254 185 156 211 100 85 116 87 52 37 42 27 
-1 509 502 473 452 445 412 351 384 297 318 291 280 287 216 249 180 151 122 95 54 77 44 29 22 
-1 538 475 454 467 418 451 390 357 316 329 286 3 218 255 186 157 210 101 56 115 88 31 36 43 
-1 529 510 501 474 453 444 411 350 383 298 279 290 257 288 217 248 179 150 123 94 55 76 21 30 
539 512 537 476 455 466 419 382 391 358 315 330 259 4 219 256 187 158 209 102 57 114 89 32 35 
530 563 528 511 500 421 410 443 360 349 332 299 278 289 258 247 208 221 178 149 124 93 34 75 20 
-1 540 513 536 477 456 465 420 381 392 359 314 331 260 5 220 223 188 159 126 103 58 113 90 33 
564 531 562 527 458 499 422 409 442 361 348 333 300 277 246 225 190 207 222 177 148 125 92 19 74 
599 -1 541 514 535 478 457 464 363 380 393 302 313 244 261 6 205 224 189 160 127 104 59 112 91 
594 565 532 561 526 459 498 423 408 441 362 347 334 301 276 245 226 191 206 129 176 147 110 73 18 
567 598 593 542 515 534 479 440 463 364 379 394 303 312 243 262 7 204 175 146 161 128 105 60 111 
592 595 566 533 560 525 460 497 424 407 396 305 346 335 264 275 202 227 192 163 130 109 62 17 72 
597 568 591 558 543 516 495 480 439 462 365 378 395 304 311 242 263 8 203 174 145 162 71 106 61 
-1 583 596 545 524 559 482 461 496 425 406 397 306 345 336 265 274 201 228 193 164 131 108 63 16 
-1 590 569 582 557 544 517 494 481 438 399 366 377 338 267 310 241 194 9 166 173 144 65 70 107 
584 571 -1 555 546 523 492 483 436 405 426 375 398 307 344 337 266 273 200 229 142 165 132 15 64 
589 -1 579 570 581 556 485 518 493 428 437 400 367 376 339 268 309 240 195 10 167 172 143 66 69 
578 585 572 -1 554 547 522 491 484 435 404 427 374 343 308 239 272 199 234 171 230 141 68 133 14 
-1 588 577 580 549 574 551 486 519 488 429 432 401 368 371 340 269 236 231 196 11 168 135 138 67 
586 -1 -1 573 576 553 548 521 490 431 434 403 370 373 342 271 238 233 198 235 170 137 140 13 134 
-1 -1 587 -1 -1 550 575 552 487 520 489 430 433 402 369 372 341 270 237 232 197 12 169 136 139 

