14 18 25
15469862
300002.319204
Time limit exceeded
-1 464 401 436 405 370 289 314 347 224 199 -1 173 144 197 150 121 142 101 66 53 48 27 18 -1 
-1 437 406 463 400 315 348 369 288 201 258 223 198 151 172 143 102 67 120 55 50 19 52 47 26 
-1 492 465 402 435 404 371 290 313 346 225 200 257 174 145 196 149 122 141 100 65 54 49 28 17 
-1 531 438 407 462 399 316 349 368 287 202 259 222 195 152 171 124 103 68 119 56 51 20 25 46 
493 520 491 466 403 434 351 372 291 312 345 226 193 256 175 146 177 148 123 140 99 64 45 16 29 
532 555 530 439 408 461 398 317 350 367 286 203 260 221 194 153 170 125 104 69 118 57 30 21 24 
521 494 519 490 467 396 433 352 373 292 311 344 227 192 255 176 147 178 139 116 63 98 23 44 15 
556 533 554 529 440 409 460 397 318 343 366 285 204 261 220 179 154 169 126 105 70 117 58 31 22 
-1 522 495 518 489 468 395 432 353 374 293 310 263 228 191 254 167 138 115 72 97 62 33 14 43 
-1 557 534 553 528 441 410 459 376 319 342 365 284 205 262 219 180 155 168 127 106 71 42 59 32 
559 552 523 496 517 488 469 394 431 354 375 294 309 264 229 190 253 166 137 114 73 96 61 34 13 
-1 -1 558 535 486 527 442 411 458 377 320 341 364 283 206 251 218 181 156 75 128 107 36 41 60 
-1 560 551 524 497 516 487 470 393 430 355 362 295 308 265 230 189 252 165 136 113 74 95 12 35 
-1 549 -1 499 536 485 526 443 412 457 378 321 340 363 282 207 250 217 182 157 76 129 108 37 40 
-1 580 561 550 525 498 515 456 471 392 429 356 361 296 307 266 231 188 1 164 135 112 39 94 11 
-1 -1 548 579 500 537 484 473 444 413 360 379 322 339 268 281 208 249 216 183 158 77 130 109 38 
581 588 577 562 539 514 475 446 455 472 391 428 357 270 297 306 267 232 187 2 163 134 111 10 93 
-1 -1 564 547 578 501 538 483 474 445 414 359 380 323 338 269 280 209 248 215 184 159 78 131 110 
589 582 587 576 563 540 513 476 447 454 427 390 325 358 271 298 305 246 233 186 3 162 133 92 9 
584 -1 574 565 546 511 502 453 482 425 388 415 334 381 324 337 244 279 210 247 214 185 160 79 132 
593 590 583 586 575 504 541 512 477 448 417 426 389 326 335 272 299 304 245 234 161 4 81 8 91 
-1 585 592 573 566 545 510 503 452 481 424 387 416 333 382 303 336 243 278 211 238 213 90 85 80 
591 594 597 568 599 570 505 542 507 478 449 418 421 384 327 330 273 300 275 240 235 88 5 82 7 
596 -1 -1 601 572 567 544 509 480 451 420 423 386 329 332 383 302 277 242 237 212 239 84 89 86 
-1 602 595 598 569 600 571 506 543 508 479 450 419 422 385 328 331 274 301 276 241 236 87 6 83 

