23 12 25
15121548
300002.061048
Time limit exceeded
-1 -1 488 -1 424 457 354 385 324 297 272 239 192 225 108 165 130 105 70 43 66 19 36 41 -1 
489 520 425 458 355 386 423 298 273 240 325 226 271 166 191 224 107 164 131 104 69 42 67 18 35 
-1 555 460 487 456 421 384 353 326 323 296 219 238 193 222 109 132 129 106 71 44 65 20 37 40 
521 490 519 426 459 356 387 422 299 274 241 270 227 220 167 190 223 100 163 46 103 68 39 34 17 
556 517 554 461 486 455 420 383 352 327 322 295 218 237 194 221 110 133 128 101 72 45 64 21 38 
491 522 463 518 427 418 357 388 329 300 275 242 269 228 189 168 135 162 99 74 47 102 23 16 33 
-1 557 516 553 462 485 454 419 382 351 328 321 294 217 236 195 160 111 134 127 60 73 32 63 22 
551 492 523 464 483 428 417 358 389 330 301 276 243 268 229 188 169 136 161 98 75 48 61 24 15 
558 -1 552 515 -1 453 484 391 332 381 350 293 320 231 216 235 196 159 112 77 126 59 26 31 62 
-1 550 493 524 465 482 429 416 359 390 331 302 277 244 267 230 187 170 137 124 97 76 49 14 25 
-1 559 578 467 514 431 452 433 392 333 380 349 292 319 232 215 234 197 158 113 78 125 58 27 30 
-1 580 549 494 525 466 481 430 415 360 347 318 303 278 245 266 199 186 171 138 123 96 29 50 13 
582 577 560 579 468 513 432 451 434 393 334 379 348 291 264 233 214 173 198 157 114 79 52 57 28 
-1 562 581 548 495 526 449 480 395 414 361 346 317 304 279 246 265 200 185 172 139 122 95 12 51 
-1 583 576 561 528 469 512 397 450 435 394 335 378 281 290 263 202 213 174 141 156 115 80 53 56 
601 -1 563 530 547 496 527 448 479 396 413 362 345 316 305 280 247 184 201 154 121 140 55 94 11 
584 -1 532 575 498 529 470 511 398 411 436 377 336 307 282 289 262 203 212 175 142 155 116 81 54 
-1 600 573 564 531 546 497 478 447 438 375 412 363 344 315 306 205 248 183 144 153 120 83 10 93 
598 585 596 533 574 499 510 471 440 399 410 437 376 337 308 283 288 261 204 211 176 143 92 117 82 
595 572 599 542 565 508 545 446 477 408 439 374 343 364 287 314 259 206 249 182 145 152 119 84 9 
-1 597 586 567 534 543 500 509 472 441 400 409 366 369 338 309 284 251 260 147 210 177 86 91 118 
-1 594 571 -1 541 566 507 544 445 476 407 368 373 342 365 286 313 258 207 250 181 146 151 8 85 
-1 591 -1 587 568 535 538 501 504 473 442 401 404 367 370 339 310 285 252 255 148 209 178 87 90 
593 -1 589 570 537 540 503 506 475 444 403 406 1 372 341 312 3 254 257 208 5 180 89 150 7 
590 -1 592 -1 588 569 536 539 502 505 474 443 402 405 2 371 340 311 4 253 256 149 6 179 88 

