8 17 25
18122559
300014.24072199996
Time limit exceeded
-1 461 -1 413 450 353 448 287 382 257 322 227 148 163 192 141 90 -1 110 47 88 37 22 45 -1 
-1 490 451 460 447 414 383 352 323 286 -1 256 193 226 147 162 111 140 89 86 109 46 43 36 21 
-1 -1 462 415 412 449 354 381 288 321 258 195 228 149 164 191 142 91 108 93 48 87 38 23 44 
491 -1 489 452 459 446 379 384 351 324 285 230 255 194 225 146 161 112 139 50 85 42 25 20 35 
-1 515 -1 463 416 411 386 355 380 289 320 259 196 229 150 165 190 143 92 107 94 49 34 39 24 
-1 492 -1 488 453 458 445 378 385 350 325 284 231 254 167 224 145 160 113 138 51 84 41 26 19 
516 541 514 455 464 417 410 387 356 327 290 319 260 197 222 151 166 189 144 53 106 95 28 33 40 
-1 512 493 466 487 454 457 444 377 292 349 326 283 232 253 168 223 134 159 114 137 52 83 18 27 
542 517 540 513 456 465 418 409 388 357 328 291 318 261 198 221 152 1 188 135 54 105 96 29 32 
-1 566 511 494 467 486 443 390 359 376 293 348 263 282 233 252 169 186 133 158 115 136 31 82 17 
-1 543 518 539 484 441 392 419 408 389 358 329 280 317 262 199 220 153 2 187 104 55 80 97 30 
567 -1 565 510 495 468 485 442 391 360 375 294 347 264 281 234 251 170 185 132 157 116 99 16 81 
-1 563 544 519 538 483 440 393 420 407 346 313 330 279 316 249 200 219 154 3 118 103 56 79 98 
561 568 521 564 509 496 469 422 405 374 361 332 295 314 265 202 235 250 171 184 131 156 117 100 15 
-1 -1 562 545 520 537 482 439 394 421 406 345 312 331 278 315 248 201 218 155 4 119 102 57 78 
569 560 547 522 549 508 497 470 423 404 373 362 333 296 247 266 203 236 183 172 121 130 59 14 101 
-1 -1 594 551 546 499 536 481 438 395 364 335 344 311 268 277 238 217 174 123 128 5 120 77 58 
585 570 559 548 523 550 507 498 471 424 403 372 363 334 297 246 267 204 237 182 173 122 129 60 13 
-1 593 586 595 552 535 500 473 480 437 396 365 336 343 310 269 276 239 216 175 124 127 6 73 76 
587 584 571 558 533 524 479 506 435 472 425 402 371 308 275 298 245 214 205 126 181 72 75 12 61 
-1 575 592 -1 526 553 534 501 474 427 436 397 366 337 342 309 270 207 240 215 176 125 62 7 74 
-1 588 583 572 557 532 525 478 505 434 401 426 341 370 307 274 299 244 213 206 71 180 9 66 11 
576 591 574 -1 580 527 554 529 502 475 428 431 398 367 338 301 304 271 208 241 210 177 68 63 8 
-1 582 589 578 573 556 531 504 477 430 433 400 369 340 303 306 273 300 243 212 179 70 65 10 67 
590 577 -1 581 -1 579 528 555 530 503 476 429 432 399 368 339 302 305 272 209 242 211 178 69 64 

