0 0 25
15195910
300009.036058
Time limit exceeded
1 476 433 -1 415 320 345 378 289 318 259 184 205 240 165 170 131 98 -1 52 -1 38 69 50 31 
-1 501 416 475 432 379 414 319 344 377 288 241 258 183 204 99 164 169 130 67 70 51 32 37 -1 
-1 2 477 434 381 412 321 346 375 290 317 260 185 206 239 166 171 132 97 72 53 68 39 30 49 
502 523 500 417 474 431 380 413 292 343 376 287 242 257 182 203 100 163 168 129 66 71 48 33 36 
-1 498 3 478 435 382 411 322 347 374 291 316 261 186 207 238 167 172 133 96 73 54 35 40 29 
524 503 522 499 418 473 430 349 372 293 342 263 286 243 256 181 202 101 162 75 128 65 42 47 34 
-1 560 497 4 479 436 383 410 323 348 373 284 315 262 187 208 237 160 173 134 95 74 55 28 41 
-1 525 504 521 472 419 408 429 350 371 294 341 264 285 244 255 180 201 102 161 76 127 64 43 46 
561 550 559 496 5 480 437 384 409 324 339 314 283 246 233 188 209 236 159 174 135 94 45 56 27 
-1 -1 526 505 520 471 420 407 428 351 370 295 340 265 254 245 234 179 200 103 126 77 58 63 44 
551 562 549 558 495 6 481 438 385 368 325 338 313 282 247 232 189 210 235 158 175 136 93 26 57 
-1 -1 -1 527 506 519 470 421 406 427 352 369 296 249 266 253 212 199 178 137 104 125 78 59 62 
563 552 529 548 557 494 7 482 439 386 367 326 337 312 281 248 231 190 211 106 157 176 61 92 25 
-1 575 596 555 528 507 518 469 422 405 426 353 310 297 250 267 252 213 198 177 138 105 124 79 60 
-1 564 553 530 547 556 493 8 483 440 387 366 327 336 311 280 215 230 191 140 107 156 81 24 91 
576 595 574 597 554 517 508 485 468 423 404 425 354 309 298 251 268 197 214 155 120 139 90 123 80 
-1 598 565 546 531 510 487 492 9 484 441 388 365 328 335 270 279 216 229 192 141 108 121 82 23 
594 577 592 573 -1 489 516 509 486 467 424 403 330 355 308 299 218 269 196 143 154 119 84 89 122 
591 -1 599 566 545 532 511 488 491 10 447 442 389 364 329 334 271 278 217 228 193 142 109 22 83 
578 593 572 543 534 513 490 515 466 449 444 391 402 331 356 307 300 219 226 195 144 153 118 85 88 
587 590 579 536 567 544 533 512 451 446 11 448 443 390 363 302 333 272 277 146 227 194 87 110 21 
-1 581 588 571 542 535 514 465 460 455 450 445 392 401 332 357 306 301 220 225 152 145 112 117 86 
589 586 583 580 537 568 539 462 457 452 393 12 395 398 359 362 303 222 273 276 147 114 149 20 111 
582 -1 -1 585 570 541 464 459 454 461 456 397 400 361 14 305 358 275 16 221 224 151 18 113 116 
-1 584 -1 -1 -1 538 569 540 463 458 453 394 13 396 399 360 15 304 223 274 17 148 115 150 19 

