0 0 15
15060570
300000.82440200006
Time limit exceeded
1 164 -1 154 131 116 127 90 71 42 67 18 35 40 -1 
-1 -1 -1 117 128 153 130 115 -1 89 70 41 68 17 34 
165 2 163 152 155 132 113 126 91 72 43 66 19 36 39 
-1 -1 188 -1 118 129 124 93 114 45 88 69 38 33 16 
177 166 3 162 151 156 133 112 125 92 73 44 65 20 37 
-1 187 176 189 134 119 110 123 94 75 46 87 22 15 32 
-1 178 167 4 161 150 157 96 111 86 61 74 31 64 21 
-1 169 186 175 190 135 120 109 122 95 76 47 62 23 14 
-1 -1 179 168 5 160 149 158 97 78 85 60 25 30 63 
-1 185 170 191 174 147 136 121 108 101 58 77 48 13 24 
-1 192 199 180 137 6 159 148 103 98 79 84 59 26 29 
194 203 184 171 198 173 146 107 100 83 102 57 28 49 12 
205 200 193 196 181 138 7 140 143 104 99 80 51 54 27 
202 195 204 183 172 197 142 145 106 9 82 53 56 11 50 
-1 -1 201 -1 -1 182 139 8 141 144 105 10 81 52 55 

