6 9 15
15275217
300002.94170799997
Time limit exceeded
-1 137 174 153 118 123 100 73 -1 33 -1 19 56 31 12 
175 154 -1 136 125 74 117 122 99 54 57 32 13 18 -1 
-1 173 138 127 152 119 124 101 72 59 34 55 20 11 30 
-1 176 155 150 135 126 75 116 121 98 53 58 29 14 17 
-1 -1 172 139 128 151 120 97 102 71 60 35 16 21 10 
-1 -1 177 156 149 134 103 76 115 62 93 52 23 28 15 
-1 199 158 171 140 129 114 91 96 1 70 61 36 9 22 
-1 -1 -1 178 157 148 133 104 77 92 63 94 51 24 27 
198 -1 200 159 170 141 130 113 90 95 2 69 26 37 8 
201 -1 197 168 179 132 147 88 105 78 47 64 39 50 25 
196 -1 188 181 160 169 142 131 112 89 68 3 48 7 38 
189 202 185 194 167 180 111 146 87 106 79 46 65 40 49 
192 195 190 187 182 161 164 143 108 81 84 67 4 43 6 
203 186 193 184 163 166 145 110 83 86 107 80 45 66 41 
-1 191 204 -1 -1 183 162 165 144 109 82 85 42 5 44 

