9 4 15
15170045
300001.527886
Time limit exceeded
170 179 132 147 116 -1 58 93 78 39 56 29 14 37 -1 
-1 148 169 118 131 94 115 80 57 -1 77 38 35 28 13 
180 171 178 133 146 117 92 59 76 79 40 55 30 15 36 
-1 -1 149 168 119 130 95 114 81 42 61 34 17 12 27 
210 181 172 177 134 145 112 91 60 75 54 41 26 31 16 
183 176 209 150 167 120 129 96 113 82 43 62 33 18 11 
-1 211 182 173 122 135 144 111 90 45 74 53 20 25 32 
189 184 175 208 151 166 121 128 97 72 83 44 63 10 19 
212 207 188 153 174 123 136 143 110 89 46 73 52 21 24 
-1 190 185 162 1 152 165 108 127 98 71 84 23 64 9 
206 187 -1 191 154 163 124 137 142 109 88 47 66 51 22 
-1 202 197 186 161 2 141 164 107 126 99 70 85 8 65 
196 205 -1 199 192 155 158 125 138 101 104 87 48 67 50 
201 198 203 194 157 160 3 140 103 106 5 100 69 86 7 
204 195 200 -1 -1 193 156 159 4 139 102 105 6 49 68 

