3 12 15
15421316
300000.864316
Time limit exceeded
134 149 -1 119 100 83 102 65 98 41 -1 25 36 -1 18 
-1 176 133 148 103 118 99 82 -1 64 37 40 19 24 -1 
-1 135 150 105 120 101 84 97 66 39 42 35 26 17 -1 
177 162 175 132 147 104 117 68 81 44 63 38 1 20 23 
206 -1 136 151 106 121 70 85 96 67 34 43 22 27 16 
163 178 161 174 131 146 95 116 69 80 45 62 29 2 21 
-1 205 -1 137 152 107 122 71 86 47 60 33 4 15 28 
-1 164 179 160 173 130 145 94 115 58 79 46 61 30 3 
204 -1 194 191 138 153 108 123 72 87 48 59 32 5 14 
193 -1 165 180 159 172 129 144 93 114 57 78 7 50 31 
188 203 192 195 190 139 154 109 124 73 88 49 52 13 6 
-1 -1 189 166 181 158 171 128 143 92 113 56 77 8 51 
202 187 196 183 198 169 140 155 110 125 74 89 10 53 12 
-1 -1 185 200 167 182 157 170 127 142 91 112 55 76 9 
186 201 -1 197 184 199 168 141 156 111 126 75 90 11 54 

