12 7 15
15188896
300001.30517800007
Time limit exceeded
178 -1 158 135 114 -1 56 91 76 37 54 27 12 35 -1 
213 136 177 116 157 92 113 78 55 -1 75 36 33 26 11 
-1 179 212 159 134 115 90 57 74 77 38 53 28 13 34 
181 208 137 176 117 156 93 112 79 40 59 32 15 10 25 
-1 211 180 -1 160 133 110 89 58 73 52 39 24 29 14 
209 182 207 138 175 118 155 94 111 80 41 60 31 16 9 
184 205 210 173 120 161 132 109 88 43 72 51 18 23 30 
-1 200 183 206 139 174 119 154 95 70 81 42 61 8 17 
204 185 202 141 172 121 162 131 108 87 44 71 50 19 22 
201 170 199 150 163 140 153 106 123 96 69 82 21 62 7 
-1 203 186 171 142 151 122 125 130 107 86 45 64 49 20 
193 198 169 188 149 164 129 152 105 124 97 68 83 6 63 
190 187 192 195 166 143 146 1 126 99 102 85 46 65 48 
197 194 189 168 145 148 165 128 101 104 3 98 67 84 5 
-1 191 196 -1 -1 167 144 147 2 127 100 103 4 47 66 

