12 7 15
222
10.567774000000002
Could not find solution42 13 40 99 44 15 46 97 110 17 94 193 114 19 92 
39 60 43 14 47 98 205 16 95 192 113 18 93 160 115 
12 41 100 103 184 45 96 109 204 111 196 211 194 91 20 
59 38 61 48 101 206 189 208 191 210 -1 112 161 116 159 
50 11 102 185 104 183 108 203 -1 197 212 195 214 21 90 
37 58 49 62 55 188 207 190 209 -1 215 162 119 158 117 
10 51 56 105 186 107 182 217 202 221 198 213 164 89 22 
57 36 63 54 77 218 187 220 175 216 163 120 157 118 147 
52 9 78 179 106 181 174 201 222 199 152 165 146 23 88 
35 64 53 76 171 178 219 176 173 168 145 156 121 148 123 
8 71 136 79 180 139 172 169 200 153 166 151 124 87 24 
65 34 75 72 137 170 177 140 167 144 155 142 149 122 125 
70 7 68 135 80 73 138 1 154 141 150 131 128 25 86 
33 66 5 74 31 134 3 82 29 132 143 84 27 126 129 
6 69 32 67 4 81 30 133 2 83 28 127 130 85 26 

