3 12 15
224
6.5150229999999985
Could not find solution
176 131 128 21 156 79 82 23 64 67 56 25 58 27 54 
127 20 177 190 129 22 155 78 81 24 63 66 55 2 59 
132 175 130 157 178 189 80 83 72 65 68 57 26 53 28 
19 126 191 194 199 158 89 154 77 84 73 62 1 60 3 
174 133 200 179 192 195 188 93 88 71 76 69 74 29 52 
125 18 193 198 217 202 159 90 153 92 85 50 61 4 45 
134 173 180 201 196 211 216 187 94 87 70 75 44 51 30 
17 124 197 218 207 220 203 160 91 152 95 86 49 46 5 
144 135 172 181 212 215 210 221 186 161 102 43 96 31 48 
123 16 145 208 219 206 213 204 163 112 151 110 47 6 41 
136 143 182 171 214 209 224 185 222 103 162 101 42 97 32 
15 122 169 146 183 -1 205 164 113 150 111 104 109 40 7 
140 137 142 119 170 165 184 223 116 107 114 37 100 33 98 
121 14 139 168 147 12 117 166 149 10 105 108 35 8 39 
138 141 120 13 118 167 148 11 106 115 36 9 38 99 34 

