0 0 15
225
6.165502
1 38 3 44 65 40 33 42 79 132 31 112 115 130 29 
4 45 36 39 34 43 78 165 32 113 154 131 30 111 116 
37 2 47 64 77 66 41 80 167 162 133 114 135 28 129 
46 5 52 35 196 81 166 161 164 155 168 153 128 117 110 
51 48 63 76 67 210 195 184 169 152 163 134 119 136 27 
6 53 50 209 82 197 186 199 160 183 156 127 124 109 118 
49 62 75 68 211 206 213 194 185 170 151 120 137 26 125 
54 7 208 83 214 223 198 187 200 159 182 157 126 123 108 
61 74 69 92 207 212 205 218 193 176 171 150 121 138 25 
8 55 84 215 222 217 224 201 188 181 158 177 144 107 122 
73 60 91 70 93 202 221 204 219 192 175 172 149 24 139 
56 9 72 85 216 225 94 191 180 189 178 145 174 143 106 
15 12 59 90 71 88 203 220 97 146 173 148 103 140 23 
10 57 14 17 86 95 98 19 190 179 100 21 142 105 102 
13 16 11 58 89 18 87 96 99 20 147 104 101 22 141 

