6 9 15
224
6.029760000000002
Could not find solution
70 73 34 189 126 75 32 77 96 91 30 79 4 89 28 
35 172 71 74 33 192 125 94 31 78 97 90 29 80 5 
72 69 188 171 190 127 76 117 124 95 92 3 98 27 88 
173 36 177 180 193 170 191 128 93 118 115 102 87 6 81 
68 181 174 187 178 205 196 159 116 123 2 119 82 99 26 
37 176 179 204 197 194 169 216 129 158 103 114 101 86 7 
182 67 186 175 206 201 208 195 160 1 122 83 120 25 100 
145 38 203 200 213 198 215 168 217 130 157 104 113 8 85 
66 183 146 185 202 207 222 209 224 161 132 121 84 21 24 
39 144 141 212 199 214 167 220 131 218 105 156 23 112 9 
142 65 184 147 164 221 210 223 162 153 110 133 20 55 22 
63 40 143 140 211 166 163 152 219 136 155 106 111 10 19 
46 43 64 165 148 151 -1 137 154 109 134 17 56 13 54 
41 62 45 48 139 60 149 50 135 58 107 52 15 18 11 
44 47 42 61 150 49 138 59 108 51 16 57 12 53 14 

