9 4 15
224
5.925689000000005
Could not find solution42 55 8 53 40 85 6 111 38 87 36 135 118 89 34 
9 52 41 62 7 110 39 86 5 148 117 88 35 138 119 
56 43 54 65 84 61 112 163 116 37 134 145 136 33 90 
51 10 63 60 109 74 115 4 147 162 149 132 139 120 137 
44 57 66 75 64 83 168 113 164 133 146 159 144 91 32 
11 50 59 108 73 114 3 166 223 158 161 150 131 140 121 
58 45 76 67 82 167 222 169 198 165 200 143 160 31 92 
49 12 81 72 107 2 197 -1 201 224 157 130 151 122 141 
46 71 48 77 68 221 170 219 196 199 186 211 142 93 30 
13 80 69 106 1 204 179 202 215 210 217 156 129 152 123 
70 47 78 177 180 171 220 195 218 185 214 187 212 29 94 
79 14 105 172 205 178 203 184 191 216 209 128 155 124 153 
20 17 174 103 176 181 192 207 194 99 190 213 188 95 28 
15 104 19 22 173 206 101 24 183 208 127 26 97 154 125 
18 21 16 175 102 23 182 193 100 25 98 189 126 27 96 

