0 0 40
1600
55.131451000000006
1 82 3 88 365 84 77 86 367 372 75 370 505 508 73 514 647 510 71 512 649 654 69 652 719 726 67 732 739 728 65 730 923 916 63 918 1209 1214 61 1220 
4 89 80 83 78 87 366 373 76 369 504 507 74 519 632 509 72 513 648 655 70 651 720 725 68 733 740 727 66 731 924 915 64 919 1208 1215 62 1219 1210 1213 
81 2 91 364 139 374 85 368 501 428 371 520 617 506 515 646 633 656 511 650 721 690 653 718 791 724 735 738 945 914 729 922 1127 1096 917 1224 1217 1212 1221 60 
90 5 96 79 358 363 378 427 376 521 598 503 518 631 618 635 516 645 660 689 658 745 790 723 734 741 946 913 736 925 1078 1095 920 1207 1216 1231 1250 1223 1218 1211 
95 92 359 138 379 140 375 500 429 502 525 616 599 620 517 630 661 634 657 746 691 722 717 792 853 828 737 944 1017 950 921 1126 1097 1128 1249 1254 1225 1230 59 1222 
6 97 94 357 362 431 426 377 524 597 522 601 586 615 636 619 644 693 688 659 750 789 744 827 742 947 912 949 926 1077 1094 1079 1206 1253 1232 1251 1380 1257 1226 1229 
93 360 137 382 141 380 443 430 499 526 585 596 621 600 629 664 679 662 749 692 747 716 793 852 829 854 943 1016 951 1018 1125 1098 1129 1248 1379 1258 1255 1228 1383 58 
98 7 356 361 434 425 432 527 442 523 602 587 614 637 678 643 696 687 694 755 788 751 826 743 942 911 948 927 1076 1093 1080 1205 1350 1233 1252 1381 1398 1385 1256 1227 
355 136 383 142 381 444 441 498 589 584 595 622 603 628 665 680 663 756 713 748 715 794 851 830 855 940 1015 952 1019 1124 1099 1130 1247 1378 1405 1386 1259 1382 57 1384 
8 99 354 435 424 433 530 439 528 497 588 613 638 677 642 697 686 695 764 787 754 825 752 941 910 953 928 1075 1092 1081 1204 1349 1234 1351 1376 1399 1404 1397 1260 1263 
135 384 143 386 353 440 445 590 583 594 623 604 627 666 681 710 765 712 757 714 795 850 831 856 939 1014 1083 1020 1123 1100 1131 1246 1377 1418 1403 1406 1387 1262 1389 56 
100 9 352 423 436 531 438 529 496 591 612 639 676 641 698 685 758 763 786 833 824 753 938 909 954 929 1074 1091 1082 1203 1348 1235 1352 1375 1400 1421 1396 1407 1264 1261 
337 134 385 144 387 446 491 582 593 624 605 626 667 682 709 766 711 798 759 796 849 832 857 936 1013 1084 1021 1122 1101 1132 1245 1346 1417 1402 1419 1408 1427 1388 55 1390 
10 101 336 351 422 437 532 495 534 611 592 675 640 699 684 707 762 785 836 823 834 937 908 955 930 1073 1090 1119 1202 1347 1236 1353 1374 1411 1422 1401 1420 1395 1428 1265 
133 338 145 388 335 490 447 492 581 606 625 668 683 708 767 772 799 760 797 848 907 858 935 1012 1085 1022 1121 1102 1133 1244 1345 1412 1423 1416 1409 1438 1431 1426 1391 54 
102 11 334 421 350 419 494 533 610 535 674 607 700 669 706 761 784 837 822 835 934 1007 956 931 1072 1089 1118 1201 1120 1237 1354 1373 1410 1441 1432 1425 1394 1437 1266 1429 
277 132 339 146 389 448 489 450 493 580 609 670 673 768 773 802 771 800 847 906 859 932 1011 1086 1023 1136 1103 1134 1243 1344 1413 1442 1415 1424 1539 1522 1439 1430 53 1392 
12 103 278 333 420 349 418 557 536 671 538 701 608 705 770 783 840 821 838 933 1006 957 1008 1071 1088 1117 1200 1147 1238 1149 1372 1355 1542 1523 1440 1433 1536 1393 1436 1267 
131 276 147 340 309 390 449 488 451 558 579 672 769 776 803 774 801 846 905 860 997 1010 1087 1024 1137 1104 1135 1150 1343 1242 1445 1414 1443 1538 1549 1540 1521 1434 1519 52 
104 13 308 279 332 417 348 415 556 537 702 539 704 577 782 841 820 839 862 903 958 1005 1070 1009 1116 1199 1146 1239 1148 1371 1356 1543 1564 1541 1524 1537 1550 1535 1268 1435 
245 130 275 148 341 310 391 452 487 454 559 578 777 806 775 804 863 904 845 996 861 998 1025 1140 1105 1138 1151 1342 1241 1446 1557 1444 1545 1554 1565 1548 1525 1520 51 1518 
14 105 244 307 280 331 416 347 414 555 540 703 576 781 842 819 844 865 902 959 1004 1069 1030 1115 1198 1145 1240 1153 1370 1357 1544 1563 1556 1587 1546 1553 1534 1551 1502 1269 
129 246 149 274 243 342 311 392 453 486 455 560 807 778 805 864 901 882 995 1028 999 1026 1141 1106 1139 1152 1341 1196 1449 1558 1447 1586 1561 1566 1555 1568 1547 1526 1517 50 
106 15 242 255 306 281 330 413 346 411 554 541 780 575 818 843 866 899 960 1003 1068 1029 1114 1031 1144 1197 1154 1369 1358 1575 1562 1559 1588 1569 1590 1533 1552 1503 1270 1501 
201 128 247 150 273 256 343 312 393 456 485 458 561 808 779 900 881 994 883 1000 1027 1142 1107 1158 1113 1340 1193 1450 1195 1448 1585 1580 1599 1560 1567 1514 1527 1516 49 1488 
16 107 200 241 254 305 282 329 412 345 410 553 542 817 574 867 898 961 1002 1053 1034 1067 1032 1143 1192 1155 1368 1359 1576 1581 1574 1583 1570 1589 1532 1591 1504 1487 1500 1271 
127 202 151 248 199 272 257 344 313 394 457 484 459 562 809 880 965 884 993 962 1001 1052 1157 1108 1159 1112 1339 1194 1451 1584 1577 1600 1579 1598 1513 1528 1515 1506 1489 48 
108 17 198 213 240 253 304 283 328 409 326 407 552 543 816 573 868 897 964 1035 1054 1033 1066 1049 1156 1191 1298 1367 1360 1573 1582 1571 1594 1531 1592 1505 1486 1499 1272 1491 
197 126 203 152 249 224 271 258 303 314 395 460 483 462 563 810 879 966 885 992 963 1048 1051 1160 1109 1162 1111 1338 1311 1452 1595 1578 1597 1512 1529 1496 1507 1490 47 1460 
18 109 212 195 214 239 252 237 284 327 408 325 406 551 544 815 572 869 896 967 1036 1055 1038 1065 1050 1297 1190 1299 1366 1361 1572 1481 1530 1593 1510 1485 1498 1459 1492 1273 
125 196 153 204 223 250 225 270 259 302 315 396 461 482 463 564 811 878 813 886 991 968 1047 1056 1161 1110 1163 1310 1337 1312 1453 1596 1511 1480 1497 1508 1495 1472 1461 46 
110 19 194 211 192 215 238 251 236 285 324 405 322 403 550 545 814 571 870 895 876 1037 1058 1039 1064 1045 1296 1189 1300 1365 1362 1477 1482 1509 1484 1473 1458 1493 1274 1463 
171 124 169 154 205 222 209 226 269 260 301 316 397 464 481 466 565 812 877 974 887 990 969 1046 1057 1164 1063 1182 1309 1336 1313 1454 1363 1476 1479 1494 1471 1462 45 1284 
20 111 172 193 210 191 216 235 220 233 286 323 404 321 402 549 546 871 570 875 894 973 1040 1059 1044 1171 1184 1295 1188 1301 1364 1335 1478 1483 1468 1457 1474 1285 1464 1275 
123 170 155 168 157 206 221 208 227 268 261 300 317 398 465 480 467 566 547 888 975 970 989 972 1165 1062 1181 1172 1183 1308 1293 1314 1455 1334 1475 1470 1467 1326 1283 44 
112 21 158 173 166 183 190 217 234 219 232 287 266 295 320 401 548 475 872 569 874 893 980 1041 1060 1043 1170 1185 1294 1187 1302 1331 1306 1469 1456 1327 1286 1465 1276 1321 
159 122 167 156 163 176 207 182 189 228 267 262 299 318 399 294 479 468 567 474 889 976 971 988 981 1166 1061 1180 1173 1292 1307 1290 1315 1330 1333 1466 1325 1322 43 1282 
22 113 162 165 174 117 184 177 218 179 188 231 288 265 296 319 400 291 476 873 568 471 892 979 1042 987 984 1169 1186 1179 1176 1303 1332 1305 1324 1287 1328 1279 1320 1277 
121 160 115 24 119 164 175 26 181 186 229 28 263 298 289 30 293 478 469 32 473 890 977 34 985 982 1167 36 1177 1174 1291 38 1289 1316 1329 40 1323 1318 1281 42 
114 23 120 161 116 25 118 185 178 27 180 187 230 29 264 297 290 31 292 477 470 33 472 891 978 35 986 983 1168 37 1178 1175 1304 39 1288 1317 1280 41 1278 1319 

