10 30 40
1600
51.966711000000004
403 406 437 22 449 410 429 20 431 412 169 18 167 174 141 16 143 138 129 14 131 126 105 12 107 102 93 10 91 112 87 8 89 118 85 6 195 200 83 210 
438 23 404 407 436 21 450 411 428 19 502 413 170 17 166 175 140 15 144 137 128 13 132 125 104 11 108 101 94 9 90 117 86 7 194 201 84 209 196 199 
405 402 439 448 409 464 435 430 501 432 427 168 503 414 173 142 165 182 139 130 147 136 127 106 133 124 103 92 111 98 113 88 119 202 5 214 207 198 211 82 
24 447 408 463 444 451 498 493 434 517 500 523 426 171 504 415 176 145 164 183 180 161 148 135 158 109 100 123 114 95 120 97 116 193 206 203 258 213 208 197 
401 440 445 452 475 492 465 518 499 542 433 516 505 584 425 172 507 416 181 146 163 184 419 160 149 134 157 110 99 122 115 154 205 4 1267 1272 215 220 81 212 
446 25 462 443 466 497 494 541 526 519 524 583 522 515 506 589 424 177 508 417 422 179 162 185 874 159 150 187 156 153 96 121 192 1271 204 259 1268 257 216 219 
441 400 453 474 491 476 527 496 543 582 605 520 609 590 585 514 509 624 423 178 511 418 873 420 879 186 895 884 151 188 155 888 3 1266 1279 1270 1273 218 221 80 
26 461 442 467 458 495 540 563 604 525 610 591 636 521 628 623 588 513 510 625 912 421 878 875 896 883 880 189 894 887 152 191 1278 889 1286 1275 260 1269 256 217 
399 454 459 490 473 528 477 544 581 606 637 608 629 622 745 586 631 626 913 512 877 872 911 918 881 898 893 906 885 190 891 2 1265 1282 1277 1280 1291 1274 79 222 
460 27 468 457 488 539 562 603 564 611 592 641 744 635 630 627 806 587 632 923 914 917 876 897 910 1029 882 899 892 907 886 1283 890 1285 1302 1287 1276 261 1294 255 
455 398 489 472 529 478 545 580 601 640 607 638 621 746 773 748 633 924 805 916 871 964 969 1028 919 900 909 1144 905 902 1 1264 1311 1288 1281 1290 1303 1292 223 78 
28 469 456 487 538 561 602 565 612 593 646 743 642 749 634 809 804 807 928 965 922 915 920 1117 1030 1145 1140 901 908 1209 1312 903 1284 1307 1360 1301 262 1295 254 1293 
397 486 471 530 479 546 579 600 647 618 639 620 741 772 747 774 927 868 925 870 963 968 1027 970 1139 1118 1143 1208 1177 904 1263 1316 1357 1310 1289 1306 1359 1304 77 224 
470 29 484 537 560 599 566 613 594 651 742 645 750 643 810 803 808 933 966 929 972 921 1116 1031 1146 1179 1176 1141 1210 1315 1332 1313 1308 1361 1358 1371 1300 263 1296 253 
485 396 531 480 547 578 597 652 617 648 619 740 771 752 775 934 867 926 869 962 967 1026 971 1138 1119 1142 1207 1178 1243 1262 1317 1356 1333 1376 1309 1362 1305 1370 225 76 
30 483 536 559 598 567 614 595 650 739 662 751 644 813 802 811 932 961 946 973 930 1115 1032 1147 1180 1175 1242 1211 1318 1331 1314 1351 1354 1363 1372 1377 264 1299 252 1297 
395 532 481 548 577 596 653 616 661 656 649 770 753 776 935 866 945 974 931 1056 1025 1054 1137 1120 1213 1206 1259 1244 1261 1336 1355 1334 1375 1352 1397 1364 1369 1366 75 226 
482 31 558 535 568 615 660 655 666 755 738 663 814 801 812 949 960 947 1024 1053 1114 1033 1148 1181 1174 1241 1212 1321 1330 1319 1350 1353 1396 1373 1378 1367 1408 265 1298 251 
533 394 549 576 659 654 667 700 657 664 769 754 777 936 865 944 975 1036 1057 1034 1055 1136 1121 1214 1205 1258 1245 1260 1337 1328 1335 1374 1379 1398 1421 1404 1365 1368 227 74 
32 557 534 569 554 685 658 665 758 737 756 817 800 815 950 959 948 1023 1052 1113 1122 1149 1182 1173 1240 1255 1322 1329 1320 1349 1380 1395 1420 1405 1400 1407 266 1409 250 327 
393 550 555 670 575 668 699 684 701 768 799 778 937 864 943 976 1037 1060 1035 1058 1135 1172 1215 1204 1257 1246 1325 1340 1327 1338 1347 1382 1399 1424 1415 1422 1403 328 73 228 
556 33 570 553 688 683 686 759 736 757 818 863 816 953 958 951 1022 1051 1112 1123 1150 1183 1248 1239 1254 1341 1256 1323 1348 1381 1394 1425 1416 1419 1406 1401 1410 267 326 249 
551 392 671 574 669 698 735 702 767 798 779 938 957 942 977 1040 1061 1038 1059 1134 1171 1216 1203 1342 1247 1324 1385 1326 1339 1346 1383 1418 1433 1426 1423 1414 329 1402 229 72 
34 571 552 689 682 687 762 781 760 821 862 819 954 1019 952 1021 1050 1111 1124 1151 1184 1249 1238 1253 1386 1391 1344 1499 1384 1393 1434 1443 1438 1417 1432 1411 268 325 248 315 
391 674 573 672 697 734 703 766 797 780 939 956 941 978 1041 1064 1039 1062 1133 1170 1217 1202 1387 1390 1343 1498 1455 1392 1345 1562 1439 1436 1431 1444 1427 330 1413 314 71 230 
572 35 692 681 690 763 782 761 822 861 820 979 1018 955 1020 1049 1110 1125 1152 1185 1250 1237 1252 1485 1456 1389 1540 1551 1500 1435 1446 1563 1442 1437 1412 313 324 269 316 247 
675 390 673 696 733 704 765 796 825 980 991 940 1015 1042 1065 1126 1063 1132 1169 1218 1201 1468 1457 1388 1497 1484 1501 1454 1561 1552 1587 1440 1445 1430 331 1428 317 312 231 70 
36 693 680 691 764 783 826 981 860 823 1002 1017 992 1067 1048 1109 1168 1153 1186 1165 1236 1251 1488 1483 1486 1539 1550 1541 1586 1453 1564 1447 1566 1441 310 323 270 319 246 301 
389 676 695 732 705 854 795 824 995 990 993 1014 1043 1016 1127 1066 1131 1166 1219 1200 1469 1458 1467 1496 1535 1502 1537 1560 1553 1590 1575 1588 1451 332 1429 318 311 302 69 232 
694 37 706 679 784 827 984 859 982 1001 1044 1003 1068 1047 1108 1167 1154 1187 1164 1235 1466 1489 1482 1487 1538 1549 1542 1591 1558 1585 1452 1565 1448 1567 322 309 320 271 300 245 
677 388 731 792 853 794 855 996 989 994 1013 1046 1087 1128 1085 1130 1163 1220 1199 1472 1459 1470 1495 1534 1503 1536 1559 1554 1599 1576 1589 1574 335 1450 333 358 303 308 233 68 
38 707 678 785 828 985 858 983 1000 1045 1004 1069 1084 1107 1100 1155 1188 1161 1234 1465 1490 1481 1492 1527 1548 1543 1594 1557 1592 1555 1584 1449 1568 357 306 321 272 299 244 285 
387 730 791 852 793 856 833 988 997 1012 999 1088 1101 1086 1129 1162 1221 1198 1473 1460 1471 1494 1479 1504 1533 1526 1547 1600 1577 1598 1573 336 1581 334 359 304 307 286 67 234 
708 39 786 829 834 849 986 857 844 1005 1070 1083 1106 1099 1156 1103 1160 1189 1464 1233 1480 1491 1524 1493 1528 1595 1544 1593 1556 1583 1580 1569 364 305 356 275 298 273 284 243 
723 386 729 790 851 832 839 848 987 998 1011 1098 1089 1102 1105 1190 1193 1222 1197 1474 1461 1478 1505 1532 1525 1546 1517 1578 1597 1572 365 1582 337 360 297 282 287 276 235 66 
40 709 722 787 830 835 850 843 840 845 1006 1071 1082 1157 1096 1159 1104 1463 1192 1477 1232 1521 1510 1523 1512 1529 1596 1545 1516 1579 1570 363 342 353 292 355 274 283 242 277 
385 724 789 728 721 838 831 836 847 1010 841 1090 1097 1092 1081 1194 1191 1196 1223 1462 1475 1506 1231 1520 1531 1518 1513 1228 1571 366 1515 352 361 338 343 296 281 288 65 236 
44 41 710 725 788 727 720 715 842 717 846 1007 1072 1095 1158 1093 1080 1075 1476 1077 1224 1509 1522 1511 1230 1227 1530 369 1514 351 362 341 348 293 354 291 344 239 278 241 
711 384 43 46 713 382 837 48 719 380 1009 50 1091 378 1073 52 1195 376 1079 54 1507 374 1225 56 1519 372 1229 58 367 370 349 60 339 346 295 62 289 280 237 64 
42 45 712 383 726 47 714 381 716 49 718 379 1008 51 1094 377 1074 53 1076 375 1078 55 1508 373 1226 57 368 371 350 59 340 347 294 61 290 345 238 63 240 279 

