9 36 40
1600
52.909287
932 851 796 25 794 947 782 23 780 787 714 21 716 749 712 19 710 727 722 17 708 679 682 15 674 617 612 13 614 609 598 11 592 97 88 9 90 95 86 7 
797 26 933 944 853 24 793 946 783 22 779 788 713 20 717 748 721 18 709 726 723 16 695 678 681 14 673 616 611 12 629 608 599 10 591 96 87 8 91 94 
850 931 852 795 948 945 952 781 792 959 786 715 778 789 750 711 752 725 728 745 694 707 680 683 690 675 618 613 646 615 610 597 622 593 98 89 544 93 6 85 
27 798 943 934 951 854 949 960 955 784 791 1002 1015 718 777 720 747 756 775 724 729 744 689 696 677 684 657 672 619 628 621 630 607 600 577 590 99 382 101 92 
930 849 940 855 942 963 956 953 958 1001 1012 785 790 1017 1064 751 776 753 746 757 774 693 706 731 688 691 676 647 632 645 606 627 596 623 594 545 386 543 84 5 
799 28 935 964 939 950 961 968 1005 954 1003 1016 1063 1014 719 1160 1065 1120 755 1068 743 730 773 692 697 658 685 656 671 620 631 624 601 578 589 576 383 100 381 102 
848 929 856 941 962 967 982 957 1000 1011 1040 1013 1018 1169 1062 1149 754 1161 1066 1119 758 1069 742 705 732 687 670 641 648 633 644 605 626 595 546 385 542 387 4 83 
29 800 965 936 971 938 969 1006 983 1004 1019 1168 1061 1150 1165 1170 1159 1148 1121 1136 1067 1078 759 772 669 698 659 686 655 642 625 602 579 588 575 418 433 384 103 380 
922 847 928 857 966 981 976 999 978 1039 1010 1041 1236 1167 1172 1151 1164 1137 1162 1077 1118 1093 1070 741 704 733 668 653 640 649 634 643 604 547 486 541 388 419 82 3 
801 30 923 972 937 970 979 984 1007 1020 1235 1060 1173 1210 1233 1166 1171 1158 1147 1122 1135 1076 1079 760 771 664 699 660 667 654 603 580 587 574 417 434 1 432 379 104 
846 921 858 927 980 975 998 977 1038 1009 1042 1243 1234 1237 1174 1209 1152 1163 1138 1157 1094 1117 1092 1071 740 703 734 665 652 639 650 635 548 487 540 485 420 389 2 81 
31 802 973 924 987 926 985 1008 1021 1244 1059 1238 1279 1242 1211 1232 1175 1190 1155 1146 1123 1134 1075 1080 761 770 663 700 661 666 581 586 573 550 435 416 431 378 105 360 
914 845 920 859 974 997 992 1037 994 1043 1280 1245 1260 1239 1278 1189 1208 1153 1176 1139 1156 1095 1116 1091 1072 739 702 735 638 651 636 549 488 539 484 421 390 361 80 335 
803 32 915 988 925 986 995 1022 1247 1058 1259 1282 1241 1314 1261 1212 1231 1188 1191 1154 1145 1124 1133 1074 1081 762 769 662 701 582 585 572 551 436 415 430 377 336 359 106 
844 913 860 919 996 991 1036 993 1044 1281 1246 1315 1310 1283 1240 1277 1228 1207 1214 1177 1140 1131 1096 1115 1090 1073 738 583 736 637 552 489 538 483 422 391 362 307 334 79 
33 804 989 916 1025 918 1023 1248 1057 1258 1309 1284 1319 1324 1313 1262 1213 1230 1187 1192 1185 1144 1125 1132 765 1082 763 768 553 584 571 480 437 414 429 376 337 358 107 306 
906 843 912 861 990 1035 1030 1045 1032 1249 1318 1323 1316 1311 1320 1229 1276 1227 1206 1215 1178 1141 1130 1097 1114 1089 766 737 570 479 490 537 482 423 392 363 308 333 78 281 
805 34 907 1026 917 1024 1033 1056 1257 1308 1285 1352 1361 1322 1325 1312 1263 1216 1265 1186 1193 1184 1143 1126 1087 764 1083 554 767 536 481 438 413 428 375 338 357 282 305 108 
842 905 862 911 1034 1029 1046 1031 1250 1353 1362 1317 1356 1351 1414 1321 1326 1275 1226 1205 1142 1179 1102 1129 1098 1113 1088 569 478 493 426 491 424 393 364 309 332 263 280 77 
35 806 1027 908 1047 910 1055 1256 1307 1286 1355 1386 1433 1360 1357 1350 1417 1264 1217 1266 1183 1194 1127 1112 1103 1086 555 1084 535 520 439 412 427 374 339 356 283 304 109 262 
898 841 904 863 1028 1253 1052 1251 1354 1385 1400 1363 1358 1413 1432 1415 1274 1327 1340 1225 1204 1111 1180 1101 1128 1099 568 521 494 477 492 425 394 365 310 331 264 279 76 237 
807 36 899 1048 909 1054 1255 1306 1287 1364 1387 1438 1399 1434 1359 1418 1349 1416 1273 1218 1267 1182 1195 1104 1109 556 1085 534 519 442 411 440 373 340 355 284 303 238 261 110 
840 897 864 903 1254 1051 1252 1053 1384 1403 1398 1401 1412 1481 1420 1431 1336 1341 1328 1339 1224 1203 1110 1181 1100 567 522 497 476 495 372 395 366 311 330 265 278 221 236 75 
37 808 1049 900 1293 902 1305 1288 1365 1388 1439 1408 1437 1410 1435 1486 1419 1348 1337 1272 1219 1268 1105 1196 557 1108 533 518 443 410 441 352 341 354 285 302 239 260 111 220 
890 839 896 865 1050 1291 1294 1383 1404 1397 1402 1411 1480 1487 1482 1421 1430 1335 1342 1329 1338 1223 1202 1107 566 523 498 475 496 371 396 367 312 329 266 277 222 235 74 183 
809 38 891 1292 901 1304 1289 1366 1389 1440 1407 1490 1409 1436 1495 1428 1485 1422 1347 1220 1271 1106 1269 558 1197 532 517 446 409 444 351 342 353 286 301 240 259 184 219 112 
838 889 866 895 1290 1295 1382 1405 1396 1463 1442 1479 1526 1491 1488 1483 1496 1429 1334 1343 1330 1201 1222 565 524 501 474 499 370 397 368 313 328 267 276 223 234 169 182 73 
39 810 1297 892 1303 894 1367 1390 1441 1406 1533 1464 1489 1494 1525 1500 1427 1484 1423 1346 1221 1270 559 1198 531 516 447 408 445 350 343 298 287 300 241 258 185 218 113 168 
878 837 888 867 1296 1381 1302 1395 1462 1443 1478 1537 1532 1527 1492 1497 1514 1499 1344 1333 1200 1331 564 525 502 473 500 349 398 369 314 327 268 275 224 233 170 181 72 157 
811 40 879 1298 893 1368 1391 1444 1393 1536 1465 1534 1493 1540 1531 1524 1501 1426 1505 1424 1345 560 1199 530 515 450 407 448 325 344 297 288 299 242 257 186 217 158 167 114 
836 877 868 887 1380 1301 1394 1461 1446 1477 1458 1541 1538 1559 1528 1515 1498 1513 1502 561 1332 563 526 507 472 503 348 399 294 315 326 269 274 225 232 171 180 141 156 71 
41 812 1299 880 1369 886 1445 1392 1459 1466 1535 1558 1543 1530 1539 1566 1523 1504 1425 1506 527 508 529 514 451 406 449 324 345 270 289 296 243 256 187 216 159 166 115 140 
872 835 876 869 1300 1379 1460 1447 1476 1457 1542 1473 1564 1599 1560 1529 1516 1571 1512 1503 562 513 506 471 504 347 400 293 316 295 254 273 226 231 172 179 142 155 70 125 
813 42 871 1370 881 1372 885 1456 1467 1474 1557 1594 1561 1544 1565 1578 1567 1522 1509 1518 1507 528 509 456 405 452 323 346 271 290 227 244 255 188 215 160 165 126 139 116 
834 873 816 875 870 1455 1378 1475 1448 1589 1472 1563 1600 1583 1598 1545 1572 1517 1570 1511 512 457 470 505 202 401 292 317 248 253 272 213 230 173 178 145 154 143 124 69 
43 814 833 882 1371 884 1373 1468 1453 1556 1593 1588 1595 1562 1577 1568 1579 1510 1521 1508 1519 510 455 404 453 322 249 252 291 228 245 174 189 214 161 164 127 138 117 132 
826 817 874 815 832 1377 1454 1449 1592 1471 1590 1555 1584 1597 1582 1573 1546 1569 1548 511 460 469 458 201 402 203 318 247 250 207 212 229 162 177 146 153 144 131 68 123 
47 44 827 824 883 822 831 1374 1469 1452 1585 1596 1587 1576 1551 1580 1549 466 461 1520 463 198 403 454 321 194 251 208 211 246 175 190 149 152 163 128 137 120 133 118 
818 825 46 49 820 829 1376 51 1450 1591 1470 53 1554 1581 1574 55 1552 1547 464 57 468 459 196 59 200 319 204 61 192 209 206 63 176 147 150 65 130 135 122 67 
45 48 819 828 823 50 821 830 1375 52 1451 1586 1575 54 1553 1550 465 56 467 462 197 58 199 320 195 60 193 210 205 62 191 148 151 64 129 136 121 66 119 134 

