15 24 40
1600
52.223456
578 23 580 787 576 21 574 799 552 19 550 557 536 17 538 533 520 15 522 517 508 13 510 505 94 11 96 109 92 9 90 113 102 115 88 125 120 117 86 421 
581 788 577 22 785 800 811 20 573 828 553 18 549 558 535 16 539 532 519 14 523 516 507 12 511 504 93 10 97 108 101 8 89 126 121 116 87 420 131 118 
24 579 786 803 792 575 798 829 824 551 572 837 556 537 548 565 534 521 542 531 518 509 526 515 506 95 512 107 110 91 112 127 114 103 124 425 130 119 422 85 
789 582 791 784 801 810 823 812 827 846 833 554 571 842 559 540 547 566 563 524 543 530 1015 1094 527 514 503 98 467 100 7 104 459 452 129 122 443 424 419 132 
782 25 802 793 804 797 830 849 832 825 836 861 838 555 570 881 564 541 546 567 1014 525 544 529 1130 1095 468 513 106 111 466 461 128 123 456 451 426 445 84 423 
583 790 783 796 809 822 813 826 847 860 845 834 843 880 841 560 569 952 971 562 545 1016 1129 1098 1093 528 1267 502 99 6 105 458 473 460 453 444 455 442 133 418 
26 781 718 805 794 807 848 831 850 835 862 887 884 839 882 951 958 561 568 1013 994 1099 1092 1131 1266 1295 1096 469 1298 501 474 465 462 457 476 441 450 427 446 83 
717 584 795 808 821 814 851 818 859 886 875 844 879 924 911 840 953 970 993 972 1017 1128 1217 1270 1097 1268 1297 1304 5 470 1299 472 475 488 463 454 447 360 417 134 
696 27 780 719 806 819 858 865 874 863 888 885 910 883 950 959 974 957 1012 995 1100 1091 1132 1265 1296 1271 1294 1387 1300 1303 500 487 464 477 440 479 428 449 82 359 
585 716 695 820 815 852 817 856 889 876 895 878 923 912 925 954 969 992 973 1018 1127 1216 1273 1218 1269 1314 1375 4 1305 1388 471 1302 491 486 489 448 361 416 135 366 
28 697 720 779 722 857 866 873 864 907 898 909 896 949 960 975 956 1011 996 1101 1090 1133 1264 1315 1272 1293 1386 1313 1390 1301 1306 499 484 439 478 429 480 365 358 81 
699 586 715 694 853 816 855 890 871 894 877 922 913 926 955 968 991 1008 1019 1126 1215 1274 1219 1292 1319 1374 3 1376 1395 498 1389 492 1309 490 485 362 415 350 367 136 
684 29 698 721 778 723 872 867 906 899 908 897 948 963 976 961 1010 997 1102 1089 1134 1263 1318 1275 1316 1385 1394 1391 1312 1405 1310 1307 438 483 430 481 364 357 80 349 
587 700 685 714 693 854 891 870 893 904 921 914 927 946 967 990 1007 1020 1009 1214 1125 1220 1291 1320 1373 2 1377 1406 1393 1396 497 1404 493 1308 363 414 351 368 137 316 
30 683 670 701 724 777 726 905 868 915 900 947 964 977 962 1021 998 1103 1088 1135 1262 1321 1276 1317 1384 1409 1392 1397 1444 1311 1402 437 496 431 482 369 356 317 348 79 
669 588 703 686 713 692 869 892 903 920 943 928 945 966 989 1006 1087 1136 1213 1124 1221 1290 1383 1372 1 1378 1443 1432 1407 1398 1445 494 1403 354 413 352 371 292 315 138 
640 31 682 671 702 725 776 727 916 901 918 965 978 1001 1022 999 1104 1123 1222 1261 1324 1277 1322 1381 1410 1431 1408 1461 1442 1447 436 1401 432 495 370 355 318 347 78 291 
589 668 641 704 687 712 691 902 919 942 929 944 939 988 1005 1086 1139 1212 1137 1278 1289 1382 1371 1430 1379 1460 1441 1448 1433 1488 1399 1446 401 412 353 372 293 314 139 296 
32 639 628 681 672 705 728 775 730 917 940 979 1002 1023 1000 1105 1122 1223 1260 1325 1286 1323 1380 1411 1428 1449 1462 1487 1528 435 1434 433 1400 403 400 319 346 295 290 77 
627 590 667 642 707 688 711 690 941 930 985 938 987 1004 1085 1140 1211 1138 1279 1288 1341 1370 1429 1450 1459 1486 1527 1440 1521 1436 1489 402 411 344 373 294 313 258 297 140 
638 33 644 629 680 673 706 729 774 731 980 1003 1024 1119 1106 1121 1224 1259 1326 1285 1338 1287 1412 1427 1492 1463 1520 1539 1490 1529 434 1435 404 399 322 345 320 289 76 257 
591 626 635 666 643 708 689 710 931 984 937 986 981 1084 1143 1210 1141 1280 1337 1342 1369 1340 1451 1458 1485 1526 1491 1530 1439 1522 1437 410 395 374 343 312 259 298 141 232 
34 637 630 645 634 679 674 771 732 773 982 1025 1118 1107 1120 1225 1258 1327 1284 1339 1424 1413 1426 1493 1464 1519 1540 1523 1538 407 396 405 398 323 376 321 288 233 256 75 
621 592 625 636 665 676 709 678 983 932 1081 936 1083 1144 1209 1142 1281 1336 1345 1368 1343 1452 1457 1484 1525 1494 1543 1536 1531 1438 409 394 375 342 311 260 299 198 231 142 
612 35 620 631 646 633 770 675 772 733 1026 1117 1108 1177 1226 1257 1328 1283 1334 1423 1414 1425 1454 1465 1518 1545 1524 1541 408 1537 406 397 326 377 324 287 234 255 74 197 
593 622 613 624 615 664 677 734 933 1080 935 1082 1145 1208 1237 1282 1335 1346 1367 1344 1453 1466 1483 1456 1495 1542 1551 1544 1535 1532 393 388 341 310 261 300 199 230 143 202 
36 611 616 619 632 647 756 769 758 1027 1116 1109 1176 1227 1178 1329 1256 1333 1422 1415 1472 1455 1480 1517 1550 1561 1546 391 1554 389 1534 327 378 325 286 235 254 201 196 73 
609 594 623 614 663 618 735 760 1079 934 1113 1146 1115 1236 1207 1238 1349 1366 1347 1420 1467 1482 1473 1496 1547 1552 1575 1560 1533 392 387 340 309 262 301 200 229 184 203 144 
602 37 610 617 648 755 768 757 1028 759 1110 1175 1228 1179 1330 1255 1332 1421 1364 1471 1416 1479 1516 1481 1574 1549 1562 1553 390 1555 330 379 328 285 238 253 236 195 72 183 
595 608 603 662 605 736 761 1078 1041 1112 1147 1114 1235 1206 1239 1350 1365 1348 1419 1468 1499 1474 1497 1548 1563 1578 1571 1576 1559 386 339 308 265 302 263 228 185 204 145 188 
38 601 606 649 754 767 1040 1029 1148 1077 1174 1111 1180 1229 1254 1331 1252 1363 1470 1417 1478 1515 1564 1573 1570 1587 1558 337 1556 331 380 329 284 239 252 237 194 187 182 71 
607 596 661 604 737 762 1151 1038 1153 1042 1165 1182 1205 1234 1203 1240 1351 1418 1353 1500 1469 1498 1475 1590 1579 1572 1577 1598 385 338 307 266 303 264 227 186 205 158 189 146 
600 39 650 753 766 1039 1030 1149 1156 1173 1076 1171 1166 1181 1230 1253 1232 1251 1362 1477 1514 1565 1512 1569 1588 1595 1586 1557 336 381 332 283 240 251 218 193 214 181 70 159 
597 660 599 738 763 1150 1037 1152 1043 1154 1167 1164 1183 1204 1233 1202 1241 1352 1501 1354 1503 1476 1589 1584 1591 1580 1597 384 1599 306 267 304 217 226 215 206 157 190 147 170 
40 651 752 765 750 1031 1044 1155 1160 1157 1172 1075 1170 1187 1184 1231 1250 1199 1248 1361 1566 1513 1568 1511 1596 1585 1594 335 382 333 282 241 250 219 192 213 180 171 160 69 
659 598 739 656 1047 764 1159 1036 1061 1056 1163 1168 1185 1070 1201 1188 1197 1242 1355 1502 1357 1504 1583 1592 1581 1508 383 1600 279 268 305 220 225 216 207 174 191 156 169 148 
652 41 658 751 1032 749 1048 1045 1158 1161 1062 1055 1074 1169 1186 1069 1200 1249 1198 1247 1360 1567 1358 1507 1510 1593 278 269 334 281 242 249 208 175 212 179 172 161 68 155 
47 44 655 740 657 1046 1035 1060 1049 744 1057 1162 1063 1052 1071 1196 1189 1066 1243 1356 1193 1246 1505 1582 275 272 1509 280 245 248 221 224 211 178 173 166 153 168 149 162 
42 653 46 49 748 1033 742 51 746 1059 1050 53 1054 1073 1064 55 1068 1195 1190 57 1244 1359 1192 59 1506 277 274 61 270 243 246 63 222 209 176 65 164 151 154 67 
45 48 43 654 741 50 747 1034 743 52 745 1058 1051 54 1053 1072 1065 56 1067 1194 1191 58 1245 276 273 60 271 244 247 62 223 210 177 64 165 152 167 66 163 150 

