28 7 40
1600
53.881142
332 25 330 361 334 23 336 365 382 21 414 439 456 19 492 487 100 17 98 519 102 15 96 543 104 531 94 533 106 535 92 551 108 127 90 119 110 115 88 117 
329 350 333 24 337 366 381 22 413 438 455 20 493 488 485 18 521 518 101 16 97 620 103 530 95 616 105 538 93 554 107 536 91 558 109 126 89 118 111 114 
26 331 360 369 362 335 364 383 402 415 440 457 484 491 522 517 486 99 520 625 14 529 542 631 544 539 532 615 534 537 552 585 550 125 128 561 120 113 116 87 
349 328 351 338 367 380 401 412 437 454 483 494 515 496 489 526 523 626 637 528 621 624 619 540 617 632 933 546 553 612 555 548 557 584 559 124 129 174 121 112 
340 27 368 359 370 363 384 403 416 441 458 497 490 525 516 671 638 527 628 13 856 541 630 623 932 545 614 1103 934 547 588 607 586 549 562 183 560 123 86 131 
327 348 339 352 345 400 379 436 411 482 453 514 495 672 641 524 627 806 857 636 629 622 925 618 633 1102 935 1074 613 1100 611 556 589 568 583 170 175 130 173 122 
28 341 346 371 358 385 404 417 442 459 498 665 642 513 670 805 674 639 12 855 924 929 634 931 936 1073 1126 1101 1104 1075 608 587 606 581 184 563 182 171 132 85 
347 326 353 344 399 378 435 410 481 452 643 512 679 664 673 640 807 858 835 928 635 926 937 988 1123 1032 1105 1084 1127 610 1099 1076 569 590 567 582 169 176 167 172 
342 29 372 357 386 405 418 443 460 499 678 663 666 669 804 675 834 11 854 923 938 987 930 1033 1072 1197 1122 1125 1106 1083 1086 609 1088 605 580 185 564 181 84 133 
325 354 343 398 377 434 409 480 451 644 511 712 677 680 667 808 859 836 939 852 927 1034 989 1196 1031 1124 1167 1194 1085 1128 1107 1098 1077 570 591 566 579 168 177 166 
30 373 356 387 406 419 444 461 500 713 662 681 668 803 676 833 10 853 922 943 986 941 1036 1071 1218 1195 1198 1121 1166 1147 1082 1087 604 1089 186 577 180 565 134 83 
355 324 397 376 433 408 479 450 645 510 711 720 717 682 809 860 837 944 851 940 1035 990 1215 1030 1199 1210 1219 1168 1193 1120 1129 1108 1097 1078 571 592 187 578 165 178 
374 31 388 407 420 445 462 501 714 661 716 683 802 719 832 9 862 921 992 985 942 1037 1070 1223 1214 1217 1200 1209 1148 1165 1146 1081 1118 603 1090 601 576 179 82 135 
323 396 375 432 393 478 449 646 509 710 723 718 721 810 861 838 947 850 945 1038 991 1226 1029 1216 1231 1222 1211 1220 1169 1192 1119 1130 1109 1096 1079 572 593 188 575 164 
32 389 394 421 446 463 502 709 660 715 684 801 768 831 8 863 920 995 984 993 1040 1069 1276 1227 1224 1213 1232 1201 1208 1149 1164 1145 1080 1117 602 1091 600 573 136 81 
395 322 431 392 477 448 647 508 707 724 767 722 811 864 839 948 849 946 1039 1026 1277 1028 1225 1230 1313 1234 1221 1212 1191 1170 1151 1116 1131 1110 1095 598 189 594 163 574 
390 33 422 447 464 503 708 659 726 685 800 769 830 7 866 919 996 983 994 1041 1068 1275 1312 1297 1228 1341 1202 1233 1150 1207 1144 1163 1152 1115 1132 1111 1092 599 80 137 
321 430 391 476 427 648 507 706 745 766 725 812 865 840 951 848 949 1042 1025 1278 1027 1296 1229 1340 1405 1314 1235 1400 1205 1190 1171 1154 1143 1156 1141 1094 597 190 595 162 
34 423 428 465 504 705 658 727 686 799 770 829 6 867 918 999 982 997 1044 1067 1274 1311 1298 1315 1342 1399 1412 1203 1236 1187 1206 1185 1162 1153 1114 1133 1112 1093 138 79 
429 320 475 426 649 506 703 744 765 746 813 868 841 952 847 950 1043 1024 1279 1270 1295 1272 1339 1404 1415 1406 1401 1398 1411 1204 1189 1172 1155 1142 1157 1140 191 596 161 252 
424 35 466 505 704 657 728 687 798 771 828 5 870 917 1000 981 998 1045 1066 1273 1310 1299 1316 1343 1402 1431 1416 1413 1188 1237 1186 1161 1184 1173 1138 1113 1134 253 78 139 
319 474 425 650 471 702 743 764 747 814 869 842 955 846 953 1046 1023 1280 1269 1294 1271 1338 1403 1430 1441 1414 1407 1432 1397 1410 1381 1238 1175 1160 1177 1158 1139 192 251 160 
36 467 472 701 656 729 688 797 772 827 4 871 916 1003 980 1001 1268 1065 1282 1309 1300 1317 1344 1457 1444 1429 1440 1417 1408 1419 1386 1395 1380 1183 1174 1137 254 1135 140 77 
473 318 651 470 699 742 763 748 815 872 843 956 845 954 1047 1022 1281 1302 1293 1318 1337 1458 1515 1442 1503 1456 1445 1428 1433 1396 1409 1382 1239 1176 1159 1178 193 250 159 240 
468 37 700 655 730 689 796 773 826 3 874 915 1004 979 1002 1267 1064 1283 1308 1301 1518 1345 1504 1523 1514 1443 1502 1439 1418 1387 1420 1385 1394 1379 1182 255 1136 239 76 141 
317 652 469 698 741 762 749 816 873 824 959 844 957 1048 1021 1284 1303 1292 1319 1336 1459 1548 1519 1516 1505 1524 1455 1446 1427 1434 1393 1388 1383 1240 1179 238 249 194 241 158 
38 697 654 731 690 795 774 825 2 875 914 1007 978 1005 1266 1063 1320 1307 1348 1547 1346 1517 1522 1549 1528 1513 1506 1501 1438 1447 1384 1421 1378 1389 256 1181 242 237 142 75 
653 316 695 740 761 750 817 876 823 960 895 958 1049 1020 1285 1304 1291 1462 1335 1460 1565 1546 1551 1520 1525 1544 1527 1454 1507 1426 1435 1392 1241 1180 235 248 195 244 157 226 
696 39 732 691 738 775 794 1 894 913 1008 977 1006 1265 1062 1321 1306 1349 1562 1347 1552 1521 1564 1545 1550 1529 1512 1537 1500 1437 1448 1377 1422 257 1390 243 236 227 74 143 
315 694 739 760 751 818 877 822 963 896 961 1050 1019 1286 1305 1290 1463 1334 1461 1566 1563 1576 1553 1568 1591 1526 1543 1530 1453 1508 1425 1436 1391 1242 247 234 245 196 225 156 
40 733 692 737 776 793 898 893 912 1011 976 1009 1264 1061 1322 1333 1350 1561 1476 1577 1554 1567 1594 1587 1542 1569 1538 1511 1536 1499 1376 1449 260 1423 258 283 228 233 144 73 
693 314 759 752 819 878 821 964 897 962 1051 1018 1287 1262 1289 1466 1331 1464 1555 1560 1583 1586 1575 1592 1599 1590 1535 1498 1531 1452 1509 1424 1243 282 231 246 197 224 155 210 
734 41 736 777 792 899 892 911 1012 975 1010 1263 1060 1323 1332 1351 1556 1475 1584 1477 1578 1593 1588 1595 1574 1541 1570 1539 1510 1375 1496 261 1450 259 284 229 232 211 72 145 
313 758 753 786 879 820 965 902 967 1052 1017 1054 1261 1288 1467 1330 1465 1356 1559 1582 1585 1484 1579 1600 1589 1598 1489 1534 1497 1532 1451 1244 289 230 281 200 223 198 209 154 
42 735 778 791 900 789 910 891 974 1013 972 1059 1324 1057 1352 1357 1474 1557 1478 1483 1366 1581 1596 1485 1370 1573 1540 1571 1374 1495 290 1493 262 285 222 207 212 201 146 71 
757 312 785 754 787 880 901 966 903 968 1053 1016 1055 1260 1329 1468 1355 1470 1361 1558 1479 1482 1365 1580 1597 1488 1253 1490 1533 1492 1245 288 267 278 217 280 199 208 153 202 
310 43 756 779 790 909 788 907 890 973 1014 971 1058 1325 1056 1353 1358 1473 1480 1471 1360 1367 1486 1369 1254 1371 1572 1373 1246 291 1494 277 286 263 268 221 206 213 70 147 
49 46 311 784 755 782 881 904 969 906 889 884 1015 886 1259 1328 1469 1354 1359 1362 1481 1364 1255 1250 1487 1252 1247 294 1491 276 287 266 273 218 279 216 269 150 203 152 
44 309 48 51 780 307 908 53 882 305 970 55 888 303 1326 57 1258 301 1472 59 1256 299 1368 61 1248 297 1372 63 292 295 274 65 264 271 220 67 214 205 148 69 
47 50 45 308 783 52 781 306 905 54 883 304 885 56 887 302 1327 58 1257 300 1363 60 1249 298 1251 62 293 296 275 64 265 272 219 66 215 270 149 68 151 204 

