23 12 25
622
19.302956
Could not find solution102 105 596 19 406 109 394 21 396 111 296 23 298 113 294 25 302 115 134 27 126 117 122 29 124 
595 18 103 106 597 20 405 110 393 22 397 112 295 24 339 114 293 26 303 116 133 28 125 118 121 
104 101 594 605 108 407 564 395 404 401 392 297 344 299 292 301 340 307 132 135 284 127 120 123 30 
17 604 107 598 583 600 403 408 467 398 361 400 363 348 343 338 291 304 283 306 131 136 211 128 119 
100 593 606 601 608 563 468 565 402 409 432 391 360 345 300 347 334 341 308 289 282 285 130 31 138 
603 16 619 584 599 582 613 562 433 466 399 362 411 364 349 342 337 290 305 324 309 212 137 210 129 
592 99 602 607 -1 609 570 469 566 471 410 431 390 359 346 335 350 333 322 311 288 281 286 139 32 
15 620 585 618 571 614 581 612 561 434 465 472 371 412 365 358 329 336 325 332 323 310 213 272 209 
98 591 536 621 610 -1 572 569 470 567 502 435 430 389 370 373 366 351 330 321 312 287 280 33 140 
535 14 617 586 615 580 611 574 517 560 475 464 473 372 413 384 357 328 355 326 331 214 273 208 271 
590 97 622 537 -1 573 578 557 568 503 518 501 436 429 388 369 374 367 352 313 320 279 270 141 34 
13 534 587 616 579 556 575 516 559 476 463 474 387 438 385 414 383 356 327 354 217 314 215 274 207 
96 589 538 549 542 577 558 553 504 519 500 437 428 415 380 375 368 353 316 319 278 269 218 35 142 
533 12 531 588 555 552 543 576 515 462 477 418 439 386 259 382 317 376 277 268 315 216 275 206 219 
526 95 550 539 548 541 554 505 520 499 440 427 260 381 416 379 264 267 318 251 276 241 220 143 36 
11 532 527 530 551 544 547 514 461 478 419 64 417 258 261 174 377 252 265 242 221 234 203 230 205 
94 525 450 545 540 529 506 521 498 441 426 257 170 71 378 253 266 263 250 233 240 231 222 37 144 
451 10 511 528 507 546 513 490 479 460 63 420 65 256 173 262 175 254 243 248 235 202 229 204 223 
510 93 524 449 512 491 522 497 442 425 84 169 70 171 72 255 244 249 184 239 232 237 224 145 38 
9 452 487 508 523 496 489 480 459 56 421 62 83 66 245 172 159 176 247 236 201 228 195 226 197 
92 509 448 495 488 485 492 443 424 85 78 67 168 69 162 73 246 183 180 185 238 225 198 39 146 
447 8 453 486 493 444 481 458 55 422 57 82 61 74 167 160 163 158 177 200 181 194 227 196 189 
454 91 494 445 484 457 52 423 86 79 48 77 68 161 60 155 166 179 182 151 186 199 190 147 40 
7 446 89 456 5 482 87 50 3 54 81 58 1 46 75 164 153 44 157 178 193 42 149 188 191 
90 455 6 483 88 51 4 53 80 49 2 47 76 59 154 45 156 165 152 43 150 187 192 41 148 

