0 0 25
625
31.088608999999995
1 82 3 48 87 84 95 46 213 222 209 44 211 270 307 42 355 368 455 40 371 450 375 38 373 
4 49 86 83 94 47 214 223 208 45 212 269 306 43 354 367 420 41 370 467 454 39 372 451 376 
81 2 91 88 85 96 207 218 221 268 287 210 271 308 415 356 369 466 441 456 449 468 453 374 37 
50 5 80 93 90 217 224 215 258 219 272 305 298 353 366 421 440 419 480 465 472 457 460 377 452 
75 92 89 204 97 206 259 220 267 286 297 288 309 414 357 416 489 442 471 448 479 464 469 36 459 
6 51 76 79 262 225 216 257 290 273 304 299 352 365 422 439 418 481 490 503 470 473 458 461 378 
77 74 203 98 205 260 275 266 285 296 289 310 413 358 417 488 443 502 447 478 509 504 463 474 35 
52 7 78 261 226 263 256 291 274 303 300 351 364 425 438 423 482 491 508 505 530 477 510 379 462 
73 202 99 254 237 276 265 284 295 320 311 302 359 412 487 444 501 446 529 516 507 514 543 34 475 
8 53 238 227 264 255 292 281 312 301 350 363 426 437 424 483 492 517 506 531 552 539 476 511 380 
201 72 253 100 277 236 283 294 319 362 321 360 411 486 435 500 445 528 553 538 515 544 513 542 33 
54 9 228 239 252 293 280 313 282 349 328 429 436 427 484 493 518 537 532 585 556 551 540 381 512 
71 200 101 278 235 314 251 318 329 322 361 410 485 434 499 534 527 588 557 554 559 578 545 32 541 
10 55 234 229 240 279 330 323 348 327 430 333 428 525 494 519 536 533 584 579 586 555 550 561 382 
141 70 199 102 315 232 317 250 331 334 409 346 433 498 535 526 589 580 587 558 595 560 577 546 31 
56 11 142 233 230 241 324 335 326 347 332 431 524 495 520 497 522 583 594 607 576 549 574 383 562 
69 140 103 198 143 316 231 194 249 340 337 408 345 432 523 590 593 608 581 596 599 624 563 30 547 
12 57 112 149 138 195 242 325 336 193 246 341 338 591 496 521 582 597 614 619 606 575 548 573 384 
113 68 139 104 197 144 171 166 245 248 339 188 407 344 397 592 617 404 609 598 625 600 623 564 29 
58 13 148 111 150 137 196 243 172 165 192 247 342 187 406 395 398 613 618 615 620 605 570 385 572 
67 114 105 122 145 170 151 132 167 244 173 160 189 396 343 182 405 616 403 610 603 622 601 28 565 
14 59 110 147 106 121 136 169 152 131 164 191 174 159 186 399 394 181 612 621 402 569 604 571 386 
109 66 115 62 123 146 125 118 133 168 153 128 161 190 175 156 183 400 393 178 611 602 389 566 27 
60 15 64 107 116 17 120 135 126 19 130 163 154 21 158 185 176 23 180 401 392 25 568 387 390 
65 108 61 16 63 124 117 18 119 134 127 20 129 162 155 22 157 184 177 24 179 388 391 26 567 

