14 18 25
625
20.288411
293 20 299 366 295 18 297 368 461 16 371 456 209 14 211 206 175 12 165 172 57 10 55 170 59 
300 357 294 19 298 367 464 17 370 473 460 15 372 455 208 13 212 205 174 11 164 171 58 9 54 
21 292 365 358 465 296 369 472 477 462 519 474 457 210 373 384 207 176 213 166 173 56 181 60 169 
356 301 360 343 364 469 478 463 518 545 476 459 522 409 454 217 226 219 204 177 202 163 168 53 8 
291 22 355 468 359 466 507 546 471 520 523 554 475 458 385 374 383 216 225 214 167 182 63 180 61 
302 361 342 363 344 479 470 517 550 553 544 521 410 555 408 453 218 227 220 203 178 201 162 7 52 
23 290 345 354 467 506 549 508 547 524 569 552 559 452 379 386 375 382 215 224 183 64 179 62 71 
346 303 362 341 480 353 516 579 572 551 560 543 568 411 556 407 380 223 228 221 200 161 72 51 6 
289 24 347 352 505 580 509 548 525 590 573 570 561 558 451 378 387 376 381 184 123 4 65 70 67 
304 351 340 481 348 515 600 589 578 571 564 591 542 567 412 557 406 229 222 199 160 73 68 5 50 
25 288 349 504 583 510 581 526 615 592 623 574 565 562 439 450 377 388 185 124 3 122 115 66 69 
350 305 482 339 514 599 588 601 620 577 614 563 612 541 566 413 230 405 198 159 116 103 74 49 106 
287 26 503 584 511 582 527 616 593 622 607 624 575 440 449 438 389 186 125 2 121 114 105 102 75 
306 483 338 513 528 587 598 621 602 619 576 613 540 611 414 231 404 197 158 117 104 109 98 107 48 
27 286 529 502 585 512 617 594 597 606 625 608 441 448 437 390 187 126 1 120 113 118 101 76 99 
326 307 484 337 534 531 586 605 618 603 596 539 610 415 232 403 196 157 188 155 110 97 108 47 92 
285 28 327 530 501 494 535 532 595 498 609 442 447 436 391 258 233 242 127 112 119 154 91 100 77 
308 325 336 485 490 533 500 497 604 445 538 431 416 397 402 243 240 195 156 189 146 111 96 93 46 
29 284 489 328 495 426 493 536 499 430 443 446 435 392 259 250 257 234 241 128 153 90 151 78 95 
324 309 322 335 486 491 496 425 444 537 432 417 398 401 396 269 244 239 194 145 190 147 94 45 88 
283 30 329 488 331 422 427 492 429 418 399 434 393 268 251 260 249 256 235 238 129 152 89 150 79 
310 323 312 321 334 487 332 421 424 433 274 267 400 395 270 255 236 245 144 193 148 191 130 87 44 
31 282 315 330 313 320 423 428 277 264 419 394 273 252 261 248 143 138 237 140 135 84 149 80 131 
316 311 280 33 318 333 278 35 420 275 266 37 262 271 254 39 246 141 136 41 192 133 82 43 86 
281 32 317 314 279 34 319 276 265 36 263 272 253 38 247 142 137 40 139 134 83 42 85 132 81 

