2 10 25
625
18.834293
79 74 341 6 81 72 83 4 97 70 85 2 89 68 87 92 105 66 141 110 51 64 47 62 49 
340 7 80 73 342 5 332 71 84 3 100 69 86 91 104 67 140 109 192 65 142 111 50 53 46 
75 78 339 382 391 82 337 98 331 96 1 90 263 88 93 106 203 194 139 144 191 52 63 48 61 
8 383 76 343 338 389 404 333 336 99 440 101 94 103 262 237 108 205 202 193 138 143 112 45 54 
77 344 381 390 405 392 335 402 439 330 95 322 491 264 107 204 229 236 195 206 145 190 55 60 57 
384 9 386 393 388 403 416 409 334 469 490 441 102 321 252 261 238 201 228 215 196 137 58 113 44 
345 380 399 406 411 408 401 438 471 442 329 494 323 492 265 258 251 230 235 200 207 146 189 56 59 
10 385 394 387 400 415 410 417 468 495 470 489 328 299 320 253 260 239 216 227 214 197 136 43 114 
375 346 379 398 407 412 437 472 443 488 503 326 493 324 259 266 257 250 231 234 199 208 147 188 135 
366 11 374 395 414 397 418 467 508 473 496 499 300 327 298 319 254 233 240 217 226 213 198 115 42 
347 376 367 378 369 436 413 444 487 504 513 502 325 498 315 256 267 280 249 232 211 148 209 134 187 
12 365 370 373 396 419 466 507 474 509 500 497 522 301 318 297 316 255 222 241 218 225 212 41 116 
363 348 377 368 435 372 445 486 505 512 541 514 501 314 521 276 281 268 279 248 223 210 149 186 133 
356 13 364 371 420 465 506 475 540 561 510 525 542 523 302 317 296 277 246 221 242 219 224 117 40 
349 362 357 434 359 446 485 588 511 580 539 560 515 526 313 520 275 282 269 278 247 150 185 132 173 
14 355 360 421 464 587 476 579 582 591 562 577 524 543 518 303 284 295 274 245 220 243 172 39 118 
361 350 433 358 447 484 589 592 601 578 581 538 559 516 527 312 519 272 283 270 171 184 151 174 131 
354 15 422 463 586 477 602 583 590 595 606 563 576 537 544 517 304 285 294 273 244 175 160 119 38 
351 432 353 448 483 584 593 612 607 600 575 596 545 558 547 528 311 292 271 170 183 152 177 130 161 
16 423 462 585 460 615 478 603 594 623 608 605 564 571 536 309 534 305 286 293 176 159 168 37 120 
431 352 449 428 479 482 613 620 611 604 599 574 597 546 557 548 529 310 291 182 169 178 153 162 129 
424 17 430 461 614 459 616 481 622 609 624 565 572 553 570 535 308 533 306 287 154 167 158 121 36 
23 20 427 450 429 480 621 610 619 454 573 598 567 556 551 530 549 290 181 166 179 124 163 128 157 
18 425 22 25 458 617 452 27 456 625 566 29 552 569 554 31 532 307 288 33 164 155 126 35 122 
21 24 19 426 451 26 457 618 453 28 455 568 555 30 531 550 289 32 165 180 125 34 123 156 127 

