8 17 25
624
20.374733
Could not find solution412 451 52 453 410 459 50 405 408 317 48 315 322 219 46 221 216 207 44 205 214 5 42 39 200 
53 454 411 458 51 502 409 466 49 404 407 318 47 314 323 218 45 222 215 208 43 204 199 6 41 
450 413 452 503 460 465 472 519 406 467 316 479 346 321 220 313 344 217 206 225 4 213 40 201 38 
455 54 457 464 507 520 501 470 473 488 403 468 319 478 345 324 223 312 331 230 209 226 203 198 7 
414 449 506 461 504 471 524 489 518 469 482 475 480 347 320 349 332 343 224 3 252 231 212 37 202 
55 456 463 508 523 510 521 500 551 474 487 402 483 364 477 342 325 334 311 330 229 210 227 8 197 
444 415 448 505 462 525 550 517 490 499 492 481 476 341 348 333 350 329 2 253 234 251 232 211 36 
435 56 443 526 509 522 511 556 497 552 401 486 365 484 363 328 339 326 335 310 241 228 185 196 9 
416 445 436 447 438 549 528 553 516 491 498 493 370 389 340 351 336 1 254 235 250 233 240 35 184 
57 434 439 442 527 530 557 512 555 496 515 400 485 366 371 362 327 338 309 242 239 186 195 10 169 
432 417 446 437 548 441 554 529 570 513 494 377 390 369 388 337 352 255 238 249 236 243 170 183 34 
425 58 433 440 531 558 569 580 495 572 399 514 367 372 359 306 361 308 297 256 187 194 137 168 11 
418 431 426 547 428 581 560 571 574 585 378 391 376 387 368 353 298 287 248 237 244 171 182 33 136 
59 424 429 532 559 568 597 584 579 398 573 386 373 358 305 360 307 296 257 188 193 138 167 12 151 
430 419 546 427 596 561 582 575 588 385 586 379 392 375 354 299 288 247 286 245 172 181 152 135 32 
423 60 533 562 567 598 589 600 583 578 397 374 357 304 293 284 295 258 189 192 139 166 133 150 13 
420 545 422 595 564 601 620 593 576 587 384 393 380 355 300 289 190 285 246 173 180 153 140 31 134 
61 534 563 566 613 594 599 590 621 396 577 356 303 292 283 294 259 178 191 160 165 132 149 14 125 
544 421 604 541 602 565 614 619 592 383 394 381 280 301 290 275 282 161 174 179 154 141 126 27 30 
535 62 543 612 609 618 591 624 395 622 267 302 291 276 281 262 177 260 159 164 131 148 29 124 15 
92 605 540 603 542 611 -1 615 114 271 382 279 118 263 274 277 162 175 146 155 142 127 26 77 28 
63 536 91 610 617 608 103 270 623 268 113 266 273 278 119 176 261 158 163 128 147 130 123 16 25 
90 93 606 539 102 97 616 99 104 115 272 117 112 107 264 109 120 145 156 143 122 23 78 19 76 
537 64 95 88 607 66 101 86 269 68 105 84 265 70 111 82 157 72 121 80 129 74 21 24 17 
94 89 538 65 96 87 98 67 100 85 116 69 106 83 108 71 110 81 144 73 22 79 18 75 20 

